           1  1.886792480945587E-002   107580365.860935     
           2  1.886792480945587E-002  -127618291.274872     
           3  1.886792480945587E-002  -5841908.88218662     
           4  1.886792480945587E-002   1882753.34128969     
           5  1.886792480945587E-002   16309604.3233323     
           6  1.886792480945587E-002   21394370.5819984     
           7  1.886792480945587E-002   9140216.83340438     
           8  1.886792480945587E-002  -18211215.6770948     
           9  1.886792480945587E-002   21655576.0726284     
          10  1.886792480945587E-002  -3714229.10411368     
          11  1.886792480945587E-002  -18186216.1385154     
          12  1.886792480945587E-002  -1682741.15490416     
          13  1.886792480945587E-002   37470914.1987354     
          14  1.886792480945587E-002  -3392197.29516031     
          15  1.886792480945587E-002   18026079.2428748     
          16  1.886792480945587E-002   463875.160331528     
          17  1.886792480945587E-002   2806651.71870020     
          18  1.886792480945587E-002  -1667694.07148309     
          19  1.886792480945587E-002   1880341.10849156     
          20  1.886792480945587E-002  -8475520.69838031     
          21  1.886792480945587E-002  -6400829.08030083     
          22  1.886792480945587E-002  -1406778.07564061     
          23  1.886792480945587E-002   13553453.2042056     
          24  1.886792480945587E-002   773619.115357534     
          25  1.886792480945587E-002  -1655967.27292267     
          26  1.886792480945587E-002  -1169297.40705307     
          27  1.886792480945587E-002  -5423477.62502511     
          28  1.886792480945587E-002  -4477211.79353858     
          29  1.886792480945587E-002   1678733.82843986     
          30  1.886792480945587E-002  -7621432.25214071     
          31  1.886792480945587E-002   2920967.68952019     
          32  1.886792480945587E-002   1587088.16694421     
          33  1.886792480945587E-002  -1115927.73370230     
          34  1.886792480945587E-002  -1114219.32583915     
          35  1.886792480945587E-002  -25381839.6514791     
          36  1.886792480945587E-002   19122995.9566437     
          37  1.886792480945587E-002  -5098275.67242063     
          38  1.886792480945587E-002  -437067.672641664     
          39  1.886792480945587E-002  -14456797.9188945     
          40  1.886792480945587E-002  -2054184.46951379     
          41  1.886792480945587E-002   5671681.69975626     
          42  1.886792480945587E-002  -877757.850512923     
          43  1.886792480945587E-002  -5388358.94270448     
          44  1.886792480945587E-002  -314214.889044849     
          45  1.886792480945587E-002  -6148952.16772827     
          46  1.886792480945587E-002   3674701.42642068     
          47  1.886792480945587E-002  -2633132.34476425     
          48  1.886792480945587E-002   31625279.9833931     
          49  1.886792480945587E-002  1.484923295436147E-012
          50  1.886792480945587E-002   2079585.71167806     
          51  1.886792480945587E-002  -6636328.07519146     
          52  1.886792480945587E-002  -2233998.80592248     
          53  1.886792480945587E-002  -539425.580895859     
