0.0 4.0 0.0 0.0
0.1 4.681 0.0998334166468 0.00996671107938
0.2 5.528 0.198669330795 0.0394695029986
0.3 6.547 0.295520206661 0.0873321925452
0.4 7.744 0.389418342309 0.151646645326
0.5 9.125 0.479425538604 0.229848847066
0.6 10.696 0.564642473395 0.318821122762
0.7 12.463 0.644217687238 0.41501642855
0.8 14.432 0.7173560909 0.514599761151
0.9 16.609 0.783326909627 0.613601047347
1.0 19.0 0.841470984808 0.708073418274
1.1 21.611 0.891207360061 0.794250558628
1.2 24.448 0.932039085967 0.868696857771
1.3 27.517 0.963558185417 0.928444376684
1.4 30.824 0.985449729988 0.971111170334
1.5 34.375 0.997494986604 0.9949962483
1.6 38.176 0.999573603042 0.999147387897
1.7 42.233 0.991664810452 0.98339909629
1.8 46.552 0.973847630878 0.948379208167
1.9 51.139 0.946300087687 0.895483855957
2.0 56.0 0.909297426826 0.826821810432
2.1 61.141 0.863209366649 0.74513041067
2.2 66.568 0.80849640382 0.653666434989
2.3 72.287 0.745705212177 0.556076263468
2.4 78.304 0.675463180551 0.45625050828
2.5 84.625 0.598472144104 0.358168907268
2.6 91.256 0.515501371821 0.26574166435
2.7 98.203 0.427379880234 0.182653562029
2.8 105.472 0.334988150156 0.112217060745
2.9 113.069 0.239249329214 0.0572402415293
3.0 121.0 0.14112000806 0.0199148566748
3.1 129.271 0.0415806624333 0.00172895148839
3.2 137.888 -0.0583741434276 0.0034075406209
3.3 146.857 -0.157745694143 0.0248837040207
3.4 156.184 -0.255541102027 0.0653012548251
3.5 165.875 -0.35078322769 0.123048872828
3.6 175.936 -0.442520443295 0.195824342734
3.7 186.373 -0.529836140908 0.280726336213
3.8 197.192 -0.611857890943 0.374370078709
3.9 208.399 -0.687766159184 0.473022289719
4.0 220.0 -0.756802495308 0.572750016904
4.1 232.001 -0.818277111064 0.669577430492
4.2 244.408 -0.871575772414 0.759644327058
4.3 257.227 -0.916165936749 0.83936002366
4.4 270.464 -0.95160207389 0.905546507031
4.5 284.125 -0.977530117665 0.955565130942
4.6 298.216 -0.993691003633 0.987421810702
4.7 312.743 -0.999923257564 0.999846521018
4.8 327.712 -0.996164608836 0.992343927897
4.9 343.129 -0.982452612624 0.965213136052
5.0 359.0 -0.958924274663 0.919535764538
5.1 375.331 -0.925814682328 0.857132826014
5.2 392.128 -0.88345465572 0.780492128714
5.3 409.397 -0.832267442224 0.692669095386
5.4 427.144 -0.772764487556 0.597164953228
5.5 445.375 -0.70554032557 0.497787151006
5.6 464.096 -0.631266637872 0.398497568091
5.7 483.313 -0.550685542598 0.303254566826
5.8 503.032 -0.464602179414 0.215855185116
5.9 523.259 -0.37387666483 0.139783760505
6.0 544.0 -0.279415498199 0.0780730206338
6.1 565.261 -0.182162504272 0.0331831779627
6.2 587.048 -0.0830894028175 0.00690384886057
6.3 609.367 0.0168139004844 0.000282707249498
6.4 632.224 0.11654920485 0.0135837171513
6.5 655.625 0.215119988088 0.0462766092749
6.6 679.576 0.311541363513 0.0970580211798
6.7 704.083 0.404849920617 0.163903458223
6.8 729.152 0.494113351139 0.244148003773
6.9 754.789 0.578439764388 0.334592561025
7.0 781.0 0.656986598719 0.431631390896
7.1 807.791 0.728969040126 0.531395861462
7.2 835.168 0.793667863849 0.629908678107
7.3 863.137 0.850436620629 0.723242445706
7.4 891.704 0.898708095812 0.807676241477
7.5 920.875 0.937999976775 0.879843956429
7.6 950.656 0.967919672031 0.936868491506
7.7 981.053 0.988168233877 0.976476458444
7.8 1012.072 0.998543345375 0.997088812592
7.9 1043.719 0.99894134184 0.997883804437
8.0 1076.0 0.989358246623 0.978829740162
8.1 1108.921 0.969889810845 0.940686245181
8.2 1142.488 0.94073055668 0.884973980271
8.3 1176.707 0.902171833756 0.813914017623
8.4 1211.584 0.854598908088 0.730339293706
8.5 1247.125 0.798487112623 0.637581669026
8.6 1283.336 0.734397097874 0.539339097366
8.7 1320.223 0.662969230082 0.439528200036
8.8 1357.792 0.584917192892 0.34212812254
8.9 1396.049 0.501020856458 0.251021898606
9.0 1435.0 0.412118485242 0.169841645878
9.1 1474.651 0.319098362349 0.101823764854
9.2 1515.008 0.2228899141 0.0496799138076
9.3 1556.077 0.124454423507 0.0154889035305
9.4 1597.864 0.0247754254534 0.000613821706395
9.5 1640.375 -0.0751511204618 0.00564769090667
9.6 1683.616 -0.174326781223 0.0303898266516
9.7 1727.593 -0.271760626411 0.0738538380673
9.8 1772.312 -0.366479129252 0.134306952177
9.9 1817.779 -0.457535893775 0.209339094093
