 Adding reactor (none)
Initializing reactor network.
Reactor 0: 55 variables.
            10 sensitivity params.
Number of equations: 55
Maximum time step:            5e-06
 5.000e-06   1499.998 101324.971   9.070306e+05     -0.000      0.000
 1.000e-05   1499.969 101325.053   9.070027e+05      0.000      0.000
 1.500e-05   1499.934 101325.000   9.069703e+05      0.000      0.000
 2.000e-05   1499.937 101325.000   9.069735e+05      0.000      0.000
 2.500e-05   1499.936 101325.000   9.069729e+05      0.000      0.000
 3.000e-05   1499.935 101325.000   9.069730e+05      0.000      0.000
 3.500e-05   1499.935 101325.000   9.069731e+05      0.000      0.000
 4.000e-05   1499.935 101325.000   9.069732e+05      0.000      0.000
 4.500e-05   1499.934 101325.000   9.069733e+05      0.000     -0.000
 5.000e-05   1499.934 101325.000   9.069733e+05      0.000     -0.000
 5.500e-05   1499.934 101325.000   9.069734e+05      0.000     -0.000
 6.000e-05   1499.933 101325.000   9.069735e+05      0.000     -0.000
 6.500e-05   1499.933 101325.000   9.069735e+05      0.000     -0.000
 7.000e-05   1499.933 101325.000   9.069736e+05      0.000     -0.000
 7.500e-05   1499.932 101325.000   9.069737e+05      0.000     -0.000
 8.000e-05   1499.932 101325.000   9.069737e+05      0.000     -0.000
 8.500e-05   1499.932 101325.000   9.069737e+05      0.000     -0.000
 9.000e-05   1499.932 101325.000   9.069738e+05      0.000     -0.000
 9.500e-05   1499.932 101325.000   9.069738e+05      0.000     -0.000
 1.000e-04   1499.932 101325.000   9.069738e+05      0.000     -0.000
 1.050e-04   1499.932 101325.000   9.069738e+05      0.000     -0.000
 1.100e-04   1499.932 101325.000   9.069738e+05      0.000     -0.000
 1.150e-04   1499.932 101325.000   9.069738e+05      0.000     -0.000
 1.200e-04   1499.932 101325.000   9.069737e+05      0.000     -0.000
 1.250e-04   1499.932 101325.000   9.069737e+05      0.000     -0.000
 1.300e-04   1499.932 101325.000   9.069736e+05      0.000     -0.000
 1.350e-04   1499.932 101325.000   9.069736e+05      0.000     -0.000
 1.400e-04   1499.932 101325.000   9.069735e+05      0.000     -0.000
 1.450e-04   1499.932 101325.000   9.069734e+05      0.000     -0.000
 1.500e-04   1499.933 101325.000   9.069733e+05      0.000     -0.000
 1.550e-04   1499.933 101325.000   9.069731e+05      0.000     -0.000
 1.600e-04   1499.933 101325.000   9.069730e+05      0.000     -0.000
 1.650e-04   1499.934 101325.000   9.069728e+05      0.000     -0.000
 1.700e-04   1499.934 101325.000   9.069727e+05      0.000     -0.000
 1.750e-04   1499.935 101325.000   9.069725e+05      0.000     -0.000
 1.800e-04   1499.935 101325.000   9.069722e+05      0.000     -0.000
 1.850e-04   1499.936 101325.000   9.069720e+05      0.000     -0.000
 1.900e-04   1499.937 101325.000   9.069717e+05      0.000     -0.000
 1.950e-04   1499.938 101325.000   9.069715e+05      0.000     -0.000
 2.000e-04   1499.939 101325.000   9.069711e+05      0.000     -0.000
 2.050e-04   1499.940 101325.000   9.069708e+05      0.000     -0.001
 2.100e-04   1499.941 101325.000   9.069704e+05      0.000     -0.001
 2.150e-04   1499.942 101325.000   9.069701e+05      0.000     -0.001
 2.200e-04   1499.943 101325.000   9.069696e+05      0.000     -0.001
 2.250e-04   1499.944 101325.000   9.069692e+05      0.000     -0.001
 2.300e-04   1499.946 101325.000   9.069687e+05      0.000     -0.001
 2.350e-04   1499.947 101325.000   9.069682e+05      0.000     -0.001
 2.400e-04   1499.949 101325.000   9.069676e+05      0.000     -0.001
 2.450e-04   1499.951 101325.000   9.069671e+05      0.000     -0.001
 2.500e-04   1499.953 101325.000   9.069664e+05      0.000     -0.001
 2.550e-04   1499.955 101325.000   9.069658e+05      0.000     -0.001
 2.600e-04   1499.957 101325.000   9.069651e+05      0.000     -0.001
 2.650e-04   1499.959 101325.000   9.069643e+05      0.000     -0.001
 2.700e-04   1499.962 101325.000   9.069635e+05      0.000     -0.001
 2.750e-04   1499.964 101325.000   9.069626e+05      0.000     -0.001
 2.800e-04   1499.967 101325.000   9.069617e+05      0.000     -0.001
 2.850e-04   1499.970 101325.000   9.069608e+05      0.000     -0.001
 2.900e-04   1499.973 101325.000   9.069597e+05      0.000     -0.001
 2.950e-04   1499.977 101325.000   9.069587e+05      0.000     -0.001
 3.000e-04   1499.980 101325.000   9.069575e+05      0.000     -0.002
 3.050e-04   1499.984 101325.000   9.069563e+05      0.000     -0.002
 3.100e-04   1499.988 101325.000   9.069550e+05      0.000     -0.002
 3.150e-04   1499.993 101325.000   9.069536e+05      0.000     -0.002
 3.200e-04   1499.997 101325.000   9.069522e+05      0.000     -0.002
 3.250e-04   1500.002 101325.000   9.069507e+05      0.000     -0.002
 3.300e-04   1500.007 101325.000   9.069491e+05      0.000     -0.002
 3.350e-04   1500.013 101325.000   9.069473e+05      0.000     -0.002
 3.400e-04   1500.018 101325.000   9.069455e+05      0.000     -0.002
 3.450e-04   1500.024 101325.000   9.069436e+05      0.000     -0.002
 3.500e-04   1500.031 101325.000   9.069416e+05      0.000     -0.002
 3.550e-04   1500.038 101325.000   9.069394e+05      0.000     -0.003
 3.600e-04   1500.045 101325.000   9.069372e+05      0.000     -0.003
 3.650e-04   1500.053 101325.000   9.069348e+05      0.000     -0.003
 3.700e-04   1500.061 101325.000   9.069322e+05      0.000     -0.003
 3.750e-04   1500.069 101325.000   9.069295e+05      0.000     -0.003
 3.800e-04   1500.078 101325.000   9.069267e+05      0.000     -0.003
 3.850e-04   1500.088 101325.001   9.069237e+05      0.000     -0.003
 3.900e-04   1500.098 101325.001   9.069205e+05      0.000     -0.004
 3.950e-04   1500.109 101325.001   9.069171e+05      0.000     -0.004
 4.000e-04   1500.121 101325.001   9.069136e+05      0.000     -0.004
 4.050e-04   1500.133 101325.001   9.069098e+05      0.000     -0.004
 4.100e-04   1500.146 101325.001   9.069058e+05      0.000     -0.004
 4.150e-04   1500.159 101325.001   9.069015e+05      0.000     -0.005
 4.200e-04   1500.174 101325.001   9.068970e+05      0.000     -0.005
 4.250e-04   1500.189 101325.002   9.068923e+05      0.000     -0.005
 4.300e-04   1500.205 101325.002   9.068872e+05      0.000     -0.005
 4.350e-04   1500.223 101325.002   9.068819e+05      0.000     -0.005
 4.400e-04   1500.241 101325.002   9.068762e+05      0.000     -0.006
 4.450e-04   1500.261 101325.003   9.068702e+05      0.000     -0.006
 4.500e-04   1500.281 101324.999   9.068638e+05      0.000     -0.006
 4.550e-04   1500.303 101325.000   9.068570e+05      0.000     -0.007
 4.600e-04   1500.327 101325.000   9.068498e+05      0.000     -0.007
 4.650e-04   1500.352 101325.000   9.068421e+05      0.000     -0.007
 4.700e-04   1500.378 101325.000   9.068340e+05      0.000     -0.008
 4.750e-04   1500.406 101325.000   9.068253e+05      0.000     -0.008
 4.800e-04   1500.436 101325.000   9.068161e+05      0.000     -0.008
 4.850e-04   1500.468 101325.000   9.068063e+05      0.000     -0.009
 4.900e-04   1500.502 101325.000   9.067959e+05      0.001     -0.009
 4.950e-04   1500.539 101325.000   9.067847e+05      0.001     -0.010
 5.000e-04   1500.577 101325.000   9.067729e+05      0.001     -0.010
 5.050e-04   1500.619 101325.000   9.067602e+05      0.001     -0.011
 5.100e-04   1500.663 101325.000   9.067467e+05      0.001     -0.011
 5.150e-04   1500.710 101325.000   9.067322e+05      0.001     -0.012
 5.200e-04   1500.761 101325.000   9.067167e+05      0.001     -0.013
 5.250e-04   1500.815 101325.000   9.067002e+05      0.001     -0.013
 5.300e-04   1500.873 101325.000   9.066824e+05      0.001     -0.014
 5.350e-04   1500.935 101325.000   9.066634e+05      0.001     -0.015
 5.400e-04   1501.002 101325.000   9.066430e+05      0.001     -0.016
 5.450e-04   1501.073 101325.000   9.066210e+05      0.001     -0.016
 5.500e-04   1501.150 101325.000   9.065974e+05      0.001     -0.017
 5.550e-04   1501.234 101325.000   9.065719e+05      0.001     -0.018
 5.600e-04   1501.323 101325.000   9.065445e+05      0.002     -0.020
 5.650e-04   1501.420 101325.000   9.065148e+05      0.002     -0.021
 5.700e-04   1501.525 101325.000   9.064827e+05      0.002     -0.022
 5.750e-04   1501.639 101325.000   9.064479e+05      0.002     -0.024
 5.800e-04   1501.762 101325.000   9.064102e+05      0.002     -0.025
 5.850e-04   1501.896 101325.000   9.063691e+05      0.002     -0.027
 5.900e-04   1502.042 101325.000   9.063243e+05      0.003     -0.029
 5.950e-04   1502.201 101325.000   9.062754e+05      0.003     -0.031
 6.000e-04   1502.376 101325.000   9.062218e+05      0.003     -0.033
 6.050e-04   1502.567 101325.000   9.061630e+05      0.003     -0.035
 6.100e-04   1502.778 101325.000   9.060982e+05      0.004     -0.038
 6.150e-04   1503.011 101325.000   9.060267e+05      0.004     -0.041
 6.200e-04   1503.268 101325.000   9.059474e+05      0.005     -0.044
 6.250e-04   1503.555 101325.000   9.058592e+05      0.005     -0.048
 6.300e-04   1503.874 101325.000   9.057608e+05      0.006     -0.052
 6.350e-04   1504.232 101325.000   9.056504e+05      0.007     -0.057
 6.400e-04   1504.634 101325.000   9.055261e+05      0.007     -0.061
 6.450e-04   1505.089 101324.999   9.053855e+05      0.008     -0.067
 6.500e-04   1505.605 101324.999   9.052256e+05      0.009     -0.073
 6.550e-04   1506.195 101325.000   9.050429e+05      0.011     -0.079
 6.600e-04   1506.872 101325.000   9.048330e+05      0.012     -0.086
 6.650e-04   1507.653 101325.000   9.045905e+05      0.013     -0.094
 6.700e-04   1508.559 101325.000   9.043090e+05      0.015     -0.102
 6.750e-04   1509.614 101325.001   9.039807e+05      0.017     -0.110
 6.800e-04   1510.850 101325.000   9.035962e+05      0.019     -0.118
 6.850e-04   1512.299 101325.000   9.031445e+05      0.022     -0.126
 6.900e-04   1514.004 101325.000   9.026132e+05      0.025     -0.134
 6.950e-04   1516.006 101325.000   9.019888e+05      0.028     -0.140
 7.000e-04   1518.351 101325.000   9.012572e+05      0.031     -0.145
 7.050e-04   1521.083 101325.000   9.004048e+05      0.035     -0.149
 7.100e-04   1524.239 101325.000   8.994202e+05      0.040     -0.150
 7.150e-04   1527.845 101325.001   8.982952e+05      0.045     -0.150
 7.200e-04   1531.914 101325.001   8.970259e+05      0.051     -0.149
 7.250e-04   1536.446 101325.001   8.956129e+05      0.058     -0.147
 7.300e-04   1541.427 101325.001   8.940605e+05      0.067     -0.146
 7.350e-04   1546.838 101325.001   8.923750e+05      0.078     -0.146
 7.400e-04   1552.656 101325.001   8.905635e+05      0.091     -0.149
 7.450e-04   1558.864 101325.001   8.886320e+05      0.108     -0.154
 7.500e-04   1565.447 101325.001   8.865850e+05      0.129     -0.161
 7.550e-04   1572.396 101325.001   8.844257e+05      0.154     -0.170
 7.600e-04   1579.701 101325.001   8.821580e+05      0.184     -0.181
 7.650e-04   1587.335 101325.001   8.797903e+05      0.217     -0.192
 7.700e-04   1595.236 101325.001   8.773424e+05      0.253     -0.201
 7.750e-04   1603.274 101325.001   8.748553e+05      0.288     -0.205
 7.800e-04   1611.217 101325.001   8.724012e+05      0.315     -0.199
 7.850e-04   1618.721 101325.001   8.700879e+05      0.326     -0.180
 7.900e-04   1625.375 101325.001   8.680427e+05      0.314     -0.148
 7.950e-04   1630.840 101325.001   8.663710e+05      0.278     -0.108
 8.000e-04   1634.989 101325.000   8.651113e+05      0.225     -0.068
 8.050e-04   1637.955 101325.000   8.642218e+05      0.167     -0.036
 8.100e-04   1640.029 101325.000   8.636112e+05      0.117     -0.017
 8.150e-04   1641.520 101325.000   8.631829e+05      0.080     -0.008
 8.200e-04   1642.671 101325.000   8.628610e+05      0.055     -0.005
 8.250e-04   1643.643 101325.000   8.625958e+05      0.040     -0.006
 8.300e-04   1644.529 101325.000   8.623583e+05      0.031     -0.007
 8.350e-04   1645.380 101325.000   8.621327e+05      0.026     -0.008
 8.400e-04   1646.221 101325.000   8.619110e+05      0.022     -0.009
 8.450e-04   1647.065 101325.000   8.616893e+05      0.020     -0.009
 8.500e-04   1647.918 101325.000   8.614658e+05      0.019     -0.008
 8.550e-04   1648.781 101325.000   8.612398e+05      0.017     -0.008
 8.600e-04   1649.655 101325.000   8.610111e+05      0.016     -0.007
 8.650e-04   1650.540 101325.000   8.607799e+05      0.015     -0.006
 8.700e-04   1651.434 101325.000   8.605464e+05      0.014     -0.005
 8.750e-04   1652.336 101325.000   8.603108e+05      0.013     -0.004
 8.800e-04   1653.246 101325.000   8.600735e+05      0.012     -0.003
 8.850e-04   1654.161 101325.000   8.598347e+05      0.011     -0.003
 8.900e-04   1655.081 101325.000   8.595948e+05      0.010     -0.002
 8.950e-04   1656.005 101325.000   8.593541e+05      0.009     -0.001
 9.000e-04   1656.931 101325.000   8.591129e+05      0.008     -0.001
 9.050e-04   1657.859 101325.000   8.588714e+05      0.008     -0.000
 9.100e-04   1658.787 101325.000   8.586299e+05      0.007      0.001
 9.150e-04   1659.714 101325.000   8.583887e+05      0.006      0.001
 9.200e-04   1660.640 101325.000   8.581480e+05      0.005      0.002
 9.250e-04   1661.563 101325.000   8.579080e+05      0.005      0.002
 9.300e-04   1662.483 101325.000   8.576689e+05      0.004      0.002
 9.350e-04   1663.399 101325.000   8.574310e+05      0.003      0.003
 9.400e-04   1664.311 101325.000   8.571944e+05      0.003      0.003
 9.450e-04   1665.217 101325.000   8.569593e+05      0.002      0.004
 9.500e-04   1666.117 101325.000   8.567258e+05      0.002      0.004
 9.550e-04   1667.010 101325.000   8.564941e+05      0.001      0.004
 9.600e-04   1667.896 101325.000   8.562643e+05      0.001      0.005
 9.650e-04   1668.775 101325.000   8.560366e+05      0.000      0.005
 9.700e-04   1669.645 101325.000   8.558110e+05     -0.000      0.005
 9.750e-04   1670.508 101325.000   8.555877e+05     -0.001      0.005
 9.800e-04   1671.361 101325.000   8.553667e+05     -0.001      0.006
 9.850e-04   1672.205 101325.000   8.551482e+05     -0.002      0.006
 9.900e-04   1673.040 101325.000   8.549322e+05     -0.002      0.006
 9.950e-04   1673.865 101325.000   8.547187e+05     -0.002      0.006
 1.000e-03   1674.680 101325.000   8.545079e+05     -0.003      0.006
 1.005e-03   1675.485 101325.000   8.542997e+05     -0.003      0.006
 1.010e-03   1676.279 101325.000   8.540942e+05     -0.003      0.007
 1.015e-03   1677.064 101325.000   8.538915e+05     -0.004      0.007
 1.020e-03   1677.837 101325.000   8.536916e+05     -0.004      0.007
 1.025e-03   1678.601 101325.000   8.534945e+05     -0.004      0.007
 1.030e-03   1679.353 101325.000   8.533001e+05     -0.004      0.007
 1.035e-03   1680.095 101325.000   8.531086e+05     -0.005      0.007
 1.040e-03   1680.825 101325.000   8.529199e+05     -0.005      0.007
 1.045e-03   1681.545 101325.000   8.527341e+05     -0.005      0.007
 1.050e-03   1682.255 101325.000   8.525511e+05     -0.005      0.007
 1.055e-03   1682.953 101325.000   8.523709e+05     -0.006      0.007
 1.060e-03   1683.641 101325.000   8.521935e+05     -0.006      0.007
 1.065e-03   1684.317 101325.000   8.520189e+05     -0.006      0.007
 1.070e-03   1684.984 101325.000   8.518471e+05     -0.006      0.008
 1.075e-03   1685.639 101325.000   8.516781e+05     -0.006      0.008
 1.080e-03   1686.284 101325.000   8.515118e+05     -0.007      0.008
 1.085e-03   1686.919 101325.000   8.513482e+05     -0.007      0.008
 1.090e-03   1687.543 101325.000   8.511874e+05     -0.007      0.008
 1.095e-03   1688.157 101325.000   8.510292e+05     -0.007      0.008
 1.100e-03   1688.761 101325.000   8.508737e+05     -0.007      0.008
 1.105e-03   1689.354 101325.000   8.507208e+05     -0.007      0.008
 1.110e-03   1689.938 101325.000   8.505704e+05     -0.008      0.008
 1.115e-03   1690.512 101325.000   8.504226e+05     -0.008      0.008
 1.120e-03   1691.076 101325.000   8.502774e+05     -0.008      0.008
 1.125e-03   1691.631 101325.000   8.501346e+05     -0.008      0.008
 1.130e-03   1692.176 101325.000   8.499943e+05     -0.008      0.008
 1.135e-03   1692.712 101325.000   8.498564e+05     -0.008      0.008
 1.140e-03   1693.239 101325.000   8.497209e+05     -0.008      0.008
 1.145e-03   1693.756 101325.000   8.495877e+05     -0.008      0.008
 1.150e-03   1694.265 101325.000   8.494568e+05     -0.008      0.007
 1.155e-03   1694.765 101325.000   8.493282e+05     -0.009      0.007
 1.160e-03   1695.256 101325.000   8.492019e+05     -0.009      0.007
 1.165e-03   1695.739 101325.000   8.490778e+05     -0.009      0.007
 1.170e-03   1696.213 101325.000   8.489558e+05     -0.009      0.007
 1.175e-03   1696.679 101325.000   8.488359e+05     -0.009      0.007
 1.180e-03   1697.137 101325.000   8.487182e+05     -0.009      0.007
 1.185e-03   1697.587 101325.000   8.486025e+05     -0.009      0.007
 1.190e-03   1698.029 101325.000   8.484888e+05     -0.009      0.007
 1.195e-03   1698.464 101325.000   8.483771e+05     -0.009      0.007
 1.200e-03   1698.891 101325.000   8.482674e+05     -0.009      0.007
 1.205e-03   1699.311 101325.000   8.481595e+05     -0.009      0.007
 1.210e-03   1699.723 101325.000   8.480536e+05     -0.009      0.007
 1.215e-03   1700.128 101325.000   8.479495e+05     -0.009      0.007
 1.220e-03   1700.526 101325.000   8.478472e+05     -0.009      0.007
 1.225e-03   1700.917 101325.000   8.477467e+05     -0.009      0.007
 1.230e-03   1701.302 101325.000   8.476479e+05     -0.009      0.007
 1.235e-03   1701.680 101325.000   8.475509e+05     -0.009      0.007
 1.240e-03   1702.051 101325.000   8.474555e+05     -0.009      0.007
 1.245e-03   1702.416 101325.000   8.473617e+05     -0.009      0.007
 1.250e-03   1702.775 101325.000   8.472696e+05     -0.010      0.007
 1.255e-03   1703.127 101325.000   8.471791e+05     -0.010      0.006
 1.260e-03   1703.474 101325.000   8.470901e+05     -0.010      0.006
 1.265e-03   1703.814 101325.000   8.470027e+05     -0.010      0.006
 1.270e-03   1704.149 101325.000   8.469167e+05     -0.010      0.006
 1.275e-03   1704.478 101325.000   8.468322e+05     -0.010      0.006
 1.280e-03   1704.802 101325.000   8.467492e+05     -0.010      0.006
 1.285e-03   1705.120 101325.000   8.466675e+05     -0.010      0.006
 1.290e-03   1705.433 101325.000   8.465873e+05     -0.010      0.006
 1.295e-03   1705.740 101325.000   8.465084e+05     -0.010      0.006
 1.300e-03   1706.042 101325.000   8.464308e+05     -0.010      0.006
 1.305e-03   1706.340 101325.000   8.463545e+05     -0.010      0.006
 1.310e-03   1706.632 101325.000   8.462795e+05     -0.010      0.006
 1.315e-03   1706.919 101325.000   8.462057e+05     -0.010      0.006
 1.320e-03   1707.202 101325.000   8.461332e+05     -0.010      0.006
 1.325e-03   1707.480 101325.000   8.460619e+05     -0.010      0.006
 1.330e-03   1707.753 101325.000   8.459918e+05     -0.010      0.006
 1.335e-03   1708.022 101325.000   8.459228e+05     -0.010      0.005
 1.340e-03   1708.286 101325.000   8.458549e+05     -0.010      0.005
 1.345e-03   1708.547 101325.000   8.457882e+05     -0.010      0.005
 1.350e-03   1708.803 101325.000   8.457225e+05     -0.010      0.005
 1.355e-03   1709.054 101325.000   8.456579e+05     -0.010      0.005
 1.360e-03   1709.302 101325.000   8.455944e+05     -0.010      0.005
 1.365e-03   1709.546 101325.000   8.455319e+05     -0.010      0.005
 1.370e-03   1709.785 101325.000   8.454704e+05     -0.010      0.005
 1.375e-03   1710.021 101325.000   8.454099e+05     -0.010      0.005
 1.380e-03   1710.254 101325.000   8.453503e+05     -0.010      0.005
 1.385e-03   1710.482 101325.000   8.452917e+05     -0.010      0.005
 1.390e-03   1710.707 101325.000   8.452340e+05     -0.010      0.005
 1.395e-03   1710.928 101325.000   8.451773e+05     -0.010      0.005
 1.400e-03   1711.146 101325.000   8.451214e+05     -0.010      0.005
 1.405e-03   1711.360 101325.000   8.450664e+05     -0.010      0.005
 1.410e-03   1711.572 101325.000   8.450123e+05     -0.010      0.005
 1.415e-03   1711.779 101325.000   8.449590e+05     -0.010      0.004
 1.420e-03   1711.984 101325.000   8.449065e+05     -0.010      0.004
 1.425e-03   1712.185 101325.000   8.448548e+05     -0.010      0.004
 1.430e-03   1712.384 101325.000   8.448040e+05     -0.010      0.004
 1.435e-03   1712.579 101325.000   8.447539e+05     -0.009      0.004
 1.440e-03   1712.771 101325.000   8.447046e+05     -0.009      0.004
 1.445e-03   1712.961 101325.000   8.446560e+05     -0.009      0.004
 1.450e-03   1713.147 101325.000   8.446082e+05     -0.009      0.004
 1.455e-03   1713.331 101325.000   8.445611e+05     -0.009      0.004
 1.460e-03   1713.512 101325.000   8.445147e+05     -0.009      0.004
 1.465e-03   1713.690 101325.000   8.444690e+05     -0.009      0.004
 1.470e-03   1713.866 101325.000   8.444240e+05     -0.009      0.004
 1.475e-03   1714.039 101325.000   8.443796e+05     -0.009      0.004
 1.480e-03   1714.209 101325.000   8.443359e+05     -0.009      0.004
 1.485e-03   1714.377 101325.000   8.442929e+05     -0.009      0.004
 1.490e-03   1714.542 101325.000   8.442505e+05     -0.009      0.004
 1.495e-03   1714.705 101325.000   8.442087e+05     -0.009      0.003
 1.500e-03   1714.866 101325.000   8.441675e+05     -0.009      0.003
 1.505e-03   1715.024 101325.000   8.441269e+05     -0.009      0.003
 1.510e-03   1715.180 101325.000   8.440869e+05     -0.009      0.003
 1.515e-03   1715.334 101325.000   8.440474e+05     -0.009      0.003
 1.520e-03   1715.486 101325.000   8.440086e+05     -0.009      0.003
 1.525e-03   1715.635 101325.000   8.439703e+05     -0.009      0.003
 1.530e-03   1715.782 101325.000   8.439325e+05     -0.009      0.003
 1.535e-03   1715.928 101325.000   8.438953e+05     -0.009      0.003
 1.540e-03   1716.071 101325.000   8.438586e+05     -0.009      0.003
 1.545e-03   1716.212 101325.000   8.438224e+05     -0.009      0.003
 1.550e-03   1716.351 101325.000   8.437867e+05     -0.009      0.003
 1.555e-03   1716.488 101325.000   8.437515e+05     -0.009      0.003
 1.560e-03   1716.624 101325.000   8.437168e+05     -0.009      0.003
 1.565e-03   1716.757 101325.000   8.436826e+05     -0.009      0.003
 1.570e-03   1716.889 101325.000   8.436488e+05     -0.009      0.003
 1.575e-03   1717.019 101325.000   8.436155e+05     -0.009      0.003
 1.580e-03   1717.147 101325.000   8.435827e+05     -0.009      0.003
 1.585e-03   1717.273 101325.000   8.435503e+05     -0.009      0.002
 1.590e-03   1717.398 101325.000   8.435184e+05     -0.009      0.002
 1.595e-03   1717.521 101325.000   8.434869e+05     -0.009      0.002
 1.600e-03   1717.642 101325.000   8.434558e+05     -0.009      0.002
 1.605e-03   1717.762 101325.000   8.434251e+05     -0.009      0.002
 1.610e-03   1717.880 101325.000   8.433948e+05     -0.009      0.002
 1.615e-03   1717.996 101325.000   8.433649e+05     -0.009      0.002
 1.620e-03   1718.111 101325.000   8.433355e+05     -0.009      0.002
 1.625e-03   1718.225 101325.000   8.433064e+05     -0.009      0.002
 1.630e-03   1718.337 101325.000   8.432777e+05     -0.009      0.002
 1.635e-03   1718.447 101325.000   8.432493e+05     -0.009      0.002
 1.640e-03   1718.556 101325.000   8.432214e+05     -0.009      0.002
 1.645e-03   1718.664 101325.000   8.431938e+05     -0.009      0.002
 1.650e-03   1718.770 101325.000   8.431665e+05     -0.009      0.002
 1.655e-03   1718.875 101325.000   8.431396e+05     -0.008      0.002
 1.660e-03   1718.979 101325.000   8.431131e+05     -0.008      0.002
 1.665e-03   1719.081 101325.000   8.430869e+05     -0.008      0.002
 1.670e-03   1719.182 101325.000   8.430610e+05     -0.008      0.002
 1.675e-03   1719.282 101325.000   8.430354e+05     -0.008      0.002
 1.680e-03   1719.380 101325.000   8.430102e+05     -0.008      0.002
 1.685e-03   1719.477 101325.000   8.429853e+05     -0.008      0.001
 1.690e-03   1719.573 101325.000   8.429607e+05     -0.008      0.001
 1.695e-03   1719.668 101325.000   8.429364e+05     -0.008      0.001
 1.700e-03   1719.762 101325.000   8.429124e+05     -0.008      0.001
 1.705e-03   1719.854 101325.000   8.428887e+05     -0.008      0.001
 1.710e-03   1719.945 101325.000   8.428652e+05     -0.008      0.001
 1.715e-03   1720.035 101325.000   8.428421e+05     -0.008      0.001
 1.720e-03   1720.125 101325.000   8.428193e+05     -0.008      0.001
 1.725e-03   1720.213 101325.000   8.427967e+05     -0.008      0.001
 1.730e-03   1720.300 101325.000   8.427744e+05     -0.008      0.001
 1.735e-03   1720.385 101325.000   8.427524e+05     -0.008      0.001
 1.740e-03   1720.470 101325.000   8.427306e+05     -0.008      0.001
 1.745e-03   1720.554 101325.000   8.427091e+05     -0.008      0.001
 1.750e-03   1720.637 101325.000   8.426879e+05     -0.008      0.001
 1.755e-03   1720.719 101325.000   8.426669e+05     -0.008      0.001
 1.760e-03   1720.800 101325.000   8.426461e+05     -0.008      0.001
 1.765e-03   1720.880 101325.000   8.426256e+05     -0.008      0.001
 1.770e-03   1720.959 101325.000   8.426053e+05     -0.008      0.001
 1.775e-03   1721.037 101325.000   8.425853e+05     -0.008      0.001
 1.780e-03   1721.114 101325.000   8.425655e+05     -0.008      0.001
 1.785e-03   1721.191 101325.000   8.425460e+05     -0.008      0.001
 1.790e-03   1721.266 101325.000   8.425266e+05     -0.008      0.001
 1.795e-03   1721.341 101325.000   8.425075e+05     -0.008      0.000
 1.800e-03   1721.414 101325.000   8.424886e+05     -0.008      0.000
 1.805e-03   1721.487 101325.000   8.424699e+05     -0.008      0.000
 1.810e-03   1721.559 101325.000   8.424514e+05     -0.008      0.000
 1.815e-03   1721.630 101325.000   8.424332e+05     -0.008      0.000
 1.820e-03   1721.701 101325.000   8.424151e+05     -0.008      0.000
 1.825e-03   1721.770 101325.000   8.423972e+05     -0.008      0.000
 1.830e-03   1721.839 101325.000   8.423796e+05     -0.008      0.000
 1.835e-03   1721.907 101325.000   8.423621e+05     -0.008      0.000
 1.840e-03   1721.975 101325.000   8.423449e+05     -0.008      0.000
 1.845e-03   1722.041 101325.000   8.423278e+05     -0.008      0.000
 1.850e-03   1722.107 101325.000   8.423109e+05     -0.008      0.000
 1.855e-03   1722.172 101325.000   8.422942e+05     -0.008      0.000
 1.860e-03   1722.237 101325.000   8.422777e+05     -0.007     -0.000
 1.865e-03   1722.300 101325.000   8.422613e+05     -0.007     -0.000
 1.870e-03   1722.363 101325.000   8.422452e+05     -0.007     -0.000
 1.875e-03   1722.426 101325.000   8.422292e+05     -0.007     -0.000
 1.880e-03   1722.487 101325.000   8.422133e+05     -0.007     -0.000
 1.885e-03   1722.549 101325.000   8.421977e+05     -0.007     -0.000
 1.890e-03   1722.609 101325.000   8.421822e+05     -0.007     -0.000
 1.895e-03   1722.669 101325.000   8.421669e+05     -0.007     -0.000
 1.900e-03   1722.728 101325.000   8.421517e+05     -0.007     -0.000
 1.905e-03   1722.786 101325.000   8.421367e+05     -0.007     -0.000
 1.910e-03   1722.844 101325.000   8.421219e+05     -0.007     -0.000
 1.915e-03   1722.901 101325.000   8.421072e+05     -0.007     -0.000
 1.920e-03   1722.958 101325.000   8.420927e+05     -0.007     -0.000
 1.925e-03   1723.014 101325.000   8.420783e+05     -0.007     -0.000
 1.930e-03   1723.069 101325.000   8.420641e+05     -0.007     -0.001
 1.935e-03   1723.124 101325.000   8.420500e+05     -0.007     -0.001
 1.940e-03   1723.179 101325.000   8.420361e+05     -0.007     -0.001
 1.945e-03   1723.232 101325.000   8.420223e+05     -0.007     -0.001
 1.950e-03   1723.286 101325.000   8.420086e+05     -0.007     -0.001
 1.955e-03   1723.338 101325.000   8.419951e+05     -0.007     -0.001
 1.960e-03   1723.391 101325.000   8.419817e+05     -0.007     -0.001
 1.965e-03   1723.442 101325.000   8.419685e+05     -0.007     -0.001
 1.970e-03   1723.493 101325.000   8.419554e+05     -0.007     -0.001
 1.975e-03   1723.544 101325.000   8.419424e+05     -0.007     -0.001
 1.980e-03   1723.594 101325.000   8.419295e+05     -0.007     -0.001
 1.985e-03   1723.644 101325.000   8.419168e+05     -0.007     -0.001
 1.990e-03   1723.693 101325.000   8.419042e+05     -0.007     -0.001
 1.995e-03   1723.741 101325.000   8.418917e+05     -0.007     -0.001
 2.000e-03   1723.789 101325.000   8.418794e+05     -0.007     -0.001
To view a plot of these results, run this script with the option -plot
