  time [s]      T1 [K]      T2 [K]    V1 [m^3]    V2 [m^3]  V1+V2 [m^3]      X(CO)
 Adding reactor (none)
Adding reactor (none)
Initializing reactor network.
Reactor 0: 11 variables.
            0 sensitivity params.
Reactor 1: 55 variables.
            0 sensitivity params.
Number of equations: 66
Maximum time step:            0.002
     0.002       900.0    900.0006         0.5         0.1         0.6      0.2853
     0.004       900.0    900.0017         0.5         0.1         0.6      0.2853
     0.006       900.0    900.0108         0.5         0.1         0.6      0.2853
     0.008      2094.0   1073.0922      0.5423      0.0577         0.6      0.2853
     0.010      2232.8   1087.5284      0.5447     0.05533         0.6      0.2853
     0.012      2245.4   1089.1480      0.5449     0.05514         0.6      0.2853
     0.014      2248.6   1090.1361      0.5449     0.05512         0.6      0.2852
     0.016      2249.7   1091.4070      0.5448     0.05515         0.6      0.2851
     0.018      2250.1   1093.3907      0.5448     0.05523         0.6      0.2849
     0.020      2250.4   1096.5035      0.5446     0.05536         0.6      0.2845
     0.022      2250.8   1101.2697      0.5445     0.05555         0.6       0.284
     0.024      2251.4   1108.4670      0.5442     0.05584         0.6      0.2833
     0.026      2252.3   1119.5392      0.5437      0.0563         0.6      0.2822
     0.028      2253.7   1138.1869      0.5429     0.05705         0.6      0.2802
     0.030      2257.3   1183.3585      0.5411     0.05886         0.6      0.2755
     0.032      2358.9   2820.1203      0.4913      0.1087         0.6     0.03655
     0.034      2351.1   2819.4429      0.4911      0.1089         0.6      0.0365
     0.036      2350.5   2819.3899       0.491       0.109         0.6     0.03649
     0.038      2350.4   2819.3860       0.491       0.109         0.6     0.03649
     0.040      2350.4   2819.3857       0.491       0.109         0.6     0.03649
     0.042      2350.4   2819.3857       0.491       0.109         0.6     0.03649
     0.044      2350.4   2819.3857       0.491       0.109         0.6     0.03649
     0.046      2350.4   2819.3857       0.491       0.109         0.6     0.03649
     0.048      2350.4   2819.3857       0.491       0.109         0.6     0.03649
     0.050      2350.4   2819.3857       0.491       0.109         0.6     0.03649
     0.052      2350.4   2819.3857       0.491       0.109         0.6     0.03649
     0.054      2350.4   2819.3857       0.491       0.109         0.6     0.03649
     0.056      2350.4   2819.3857       0.491       0.109         0.6     0.03649
     0.058      2350.4   2819.3857       0.491       0.109         0.6     0.03649
     0.060      2350.4   2819.3857       0.491       0.109         0.6     0.03649
To view a plot of these results, run this script with the option -plot
