[[  6.04406471e-06   1.01738100e-06   3.25467803e-15   9.44878921e-07
    3.20196626e-07   3.45252809e-15   3.12341397e-15   3.09815027e-15
    2.93166212e-15]
 [  5.08690499e-15   1.00940773e-05   2.95033119e-15   8.72973220e-07
    2.90021521e-07   3.22819878e-15   2.88500792e-15   2.86100892e-15
    2.70458750e-15]
 [  3.25467803e-15   5.90066238e-07   2.40899947e-06   8.67150386e-07
    2.75178768e-07   3.02514701e-15   2.87336197e-15   2.85661971e-15
    2.73675664e-15]
 [  3.14959640e-15   5.81982147e-07   2.89050129e-15   2.56318977e-06
    2.87270338e-07   3.25199672e-15   3.05588867e-15   3.04247847e-15
    2.94726056e-15]
 [  3.20196626e-15   5.80043042e-07   2.75178768e-15   8.61811015e-07
    2.62146728e-06   2.99922209e-15   2.85602138e-15   2.83971549e-15
    2.72221044e-15]
 [  3.45252809e-15   6.45639757e-07   3.02514701e-15   9.75599015e-07
    2.99922209e-07   2.08849997e-06   3.19672263e-15   3.17885565e-15
    3.07926377e-15]
 [  3.12341397e-15   5.77001585e-07   2.87336197e-15   9.16766600e-07
    2.85602138e-07   3.19672263e-15   1.62315735e-06   3.02939857e-15
    2.93566827e-15]
 [  3.09815027e-15   5.72201784e-07   2.85661971e-15   9.12743541e-07
    2.83971549e-07   3.17885565e-15   3.02939857e-15   1.60480867e-06
    2.92422492e-15]
 [  2.93166212e-15   5.40917501e-07   2.73675664e-15   8.84178169e-07
    2.72221044e-07   3.07926377e-15   2.93566827e-15   2.92422492e-15
    1.51904485e-06]]
[-0. -0. -0. -0. -0. -0. -0. -0. -0.]
[ -6.90966189e-14  -1.84036152e-05  -3.65042941e-14  -9.29059107e-06
  -3.58923841e-06  -3.54785016e-14  -3.07335477e-14  -3.05071031e-14
  -2.92655613e-14]
