 1  .0188679245  107580366.
 2  .0188679245 -127618291.
 3  .0188679245 -5841908.88
 4  .0188679245  1882753.34
 5  .0188679245  16309604.3
 6  .0188679245  21394370.6
 7  .0188679245  9140216.83
 8  .0188679245 -18211215.7
 9  .0188679245  21655576.1
 10  .0188679245 -3714229.1
 11  .0188679245 -18186216.1
 12  .0188679245 -1682741.15
 13  .0188679245  37470914.2
 14  .0188679245 -3392197.3
 15  .0188679245  18026079.2
 16  .0188679245  463875.16
 17  .0188679245  2806651.72
 18  .0188679245 -1667694.07
 19  .0188679245  1880341.11
 20  .0188679245 -8475520.7
 21  .0188679245 -6400829.08
 22  .0188679245 -1406778.08
 23  .0188679245  13553453.2
 24  .0188679245  773619.115
 25  .0188679245 -1655967.27
 26  .0188679245 -1169297.41
 27  .0188679245 -5423477.63
 28  .0188679245 -4477211.79
 29  .0188679245  1678733.83
 30  .0188679245 -7621432.25
 31  .0188679245  2920967.69
 32  .0188679245  1587088.17
 33  .0188679245 -1115927.73
 34  .0188679245 -1114219.33
 35  .0188679245 -25381839.7
 36  .0188679245  19122996.
 37  .0188679245 -5098275.67
 38  .0188679245 -437067.673
 39  .0188679245 -14456797.9
 40  .0188679245 -2054184.47
 41  .0188679245  5671681.7
 42  .0188679245 -877757.851
 43  .0188679245 -5388358.94
 44  .0188679245 -314214.889
 45  .0188679245 -6148952.17
 46  .0188679245  3674701.43
 47  .0188679245 -2633132.34
 48  .0188679245  31625280.
 49  .0188679245  1.7069679E-12
 50  .0188679245  2079585.71
 51  .0188679245 -6636328.08
 52  .0188679245 -2233998.81
 53  .0188679245 -539425.581
