TITLE     = "kinetics example 1: constant-pressure ignition"
VARIABLES = 
"time (s)"
"Temperature (K)"
"Density (kg/m3)"
"Pressure (Pa)"
"H2"
"H"
"O"
"O2"
"OH"
"H2O"
"HO2"
"H2O2"
"C"
"CH"
"CH2"
"CH2(S)"
"CH3"
"CH4"
"CO"
"CO2"
"HCO"
"CH2O"
"CH2OH"
"CH3O"
"CH3OH"
"C2H"
"C2H2"
"C2H3"
"C2H4"
"C2H5"
"C2H6"
"HCCO"
"CH2CO"
"HCCOH"
"N"
"NH"
"NH2"
"NH3"
"NNH"
"NO"
"NO2"
"N2O"
"HNO"
"CN"
"HCN"
"H2CN"
"HCNN"
"HCNO"
"HOCN"
"HNCO"
"NCO"
"N2"
"AR"
"C3H7"
"C3H8"
"CH2CHO"
"CH3CHO"
ZONE T="zone1"
 I=101,J=1,K=1,F=POINT
DT=(  SINGLE SINGLE SINGLE SINGLE SINGLE SINGLE SINGLE SINGLE SINGLE SINGLE SINGLE SINGLE SINGLE SINGLE SINGLE SINGLE SINGLE SINGLE SINGLE SINGLE SINGLE SINGLE SINGLE SINGLE SINGLE SINGLE SINGLE SINGLE SINGLE SINGLE SINGLE SINGLE SINGLE SINGLE SINGLE SINGLE SINGLE SINGLE SINGLE SINGLE SINGLE SINGLE SINGLE SINGLE SINGLE SINGLE SINGLE SINGLE SINGLE SINGLE SINGLE SINGLE SINGLE SINGLE SINGLE SINGLE SINGLE )
0 1001 0.257549 101325 0.285714 0 0 0.142857 0 0 0 0 0 0 0 0 0 0 0 0 0 0 0 0 0 0 0 0 0 0 0 0 0 0 0 0 0 0 0 0 0 0 0 0 0 0 0 0 0 0 0 0.571429 0 0 0 0 0 
1e-05 1001 0.257549 101325 0.285714 3.17798e-10 3.13039e-11 0.142857 1.06841e-11 2.14004e-10 4.83547e-10 4.7587e-13 0 0 0 0 0 0 0 0 0 0 0 0 0 0 0 0 0 0 0 0 0 0 9.8756e-25 6.34784e-24 2.68765e-25 1.13053e-25 1.05415e-16 1.43959e-23 4.29332e-31 1.37278e-17 3.19636e-25 0 0 0 0 0 0 0 0 0.571429 0 0 0 0 0 
2e-05 1001 0.257549 101325 0.285714 7.9871e-10 8.42847e-11 0.142857 2.80489e-11 1.06593e-09 1.42022e-09 2.51273e-12 0 0 0 0 0 0 0 0 0 0 0 0 0 0 0 0 0 0 0 0 0 0 2.95633e-24 6.63527e-23 4.16978e-24 3.52603e-24 2.64965e-16 1.5013e-22 2.29231e-29 7.14628e-17 4.9565e-24 0 0 0 0 0 0 0 0 0.571429 0 0 0 0 0 
3e-05 1001 0.257549 101325 0.285714 1.54149e-09 1.66112e-10 0.142857 5.48695e-11 2.90668e-09 3.05495e-09 7.38313e-12 0 0 0 0 0 0 0 0 0 0 0 0 0 0 0 0 0 0 0 0 0 0 5.99951e-24 3.02002e-22 2.20627e-23 2.70641e-23 5.11393e-16 7.26485e-22 3.18703e-28 1.97943e-16 2.62181e-23 0 0 0 0 0 0 0 0 0.571429 0 0 0 0 0 
4e-05 1001 0.257549 101325 0.285714 2.68914e-09 2.92538e-10 0.142857 9.63103e-11 6.27492e-09 5.76754e-09 1.7051e-11 0 0 0 0 0 0 0 0 0 0 0 0 0 0 0 0 0 0 0 0 0 0 1.07018e-23 1.01689e-21 7.98703e-23 1.23105e-22 8.92146e-16 2.59616e-21 2.56462e-27 4.30883e-16 9.48984e-23 0 0 0 0 0 0 0 0 0.571429 0 0 0 0 0 
5e-05 1001 0.257549 101325 0.285714 4.46283e-09 4.87922e-10 0.142857 1.6036e-10 1.20037e-08 1.01452e-08 3.45515e-11 0 0 0 0 0 0 0 0 0 0 0 0 0 0 0 0 0 0 0 0 0 0 1.79718e-23 2.96384e-21 2.42092e-22 4.32793e-22 1.4806e-15 7.93292e-21 1.55128e-26 8.28601e-16 2.87616e-22 0 0 0 0 0 0 0 0 0.571429 0 0 0 0 0 
6e-05 1001 0.257549 101325 0.285714 7.20458e-09 7.89938e-10 0.142857 2.59376e-10 2.13814e-08 1.7096e-08 6.45787e-11 0 0 0 0 0 0 0 0 0 0 0 0 0 0 0 0 0 0 0 0 0 0 2.9222e-23 7.98704e-21 6.6733e-22 1.31669e-21 2.39022e-15 2.21393e-20 7.91408e-26 1.48128e-15 7.92772e-22 0 0 0 0 0 0 0 0 0.571429 0 0 0 0 0 
7e-05 1001 0.257549 101325 0.285714 1.14434e-08 1.25685e-09 0.142857 4.12481e-10 3.64008e-08 2.80235e-08 1.14399e-10 0 0 0 0 0 0 0 0 0 0 0 0 0 0 0 0 0 0 0 0 0 0 4.6664e-23 2.05655e-20 1.7418e-21 3.67162e-21 3.79651e-15 5.84466e-20 3.6237e-25 2.52835e-15 2.06913e-21 0 0 0 0 0 0 0 0 0.571429 0 0 0 0 0 
8e-05 1001 0.257549 101325 0.285714 1.79975e-08 1.9788e-09 0.142857 6.49274e-10 6.01446e-08 4.50975e-08 1.95272e-10 0 0 0 0 0 0 0 0 0 0 0 0 0 0 0 0 0 0 0 0 0 0 7.38224e-23 5.15181e-20 4.40002e-21 9.69533e-21 5.97095e-15 1.48979e-19 1.5459e-24 4.18547e-15 5.22669e-21 0 0 0 0 0 0 0 0 0.571429 0 0 0 0 0 
9e-05 1001 0.257549 101325 0.285714 2.81333e-08 3.09525e-09 0.142857 1.01561e-09 9.73841e-08 7.16723e-08 3.24675e-10 0 0 0 0 0 0 0 0 0 0 0 0 0 0 0 0 0 0 0 0 0 0 1.16538e-22 1.26888e-19 1.08939e-20 2.47252e-20 9.33368e-15 3.71306e-19 6.29133e-24 6.78617e-15 1.29401e-20 0 0 0 0 0 0 0 0 0.571429 0 0 0 0 0 
0.0001 1001 0.257549 101325 0.285714 4.38113e-08 4.82211e-09 0.142857 1.58259e-09 1.55507e-07 1.12932e-07 5.29791e-10 0 0 0 0 0 0 0 0 0 0 0 0 0 0 0 0 0 0 0 0 0 0 1.85297e-22 3.09236e-19 2.66358e-20 6.16506e-20 1.45351e-14 9.12121e-19 2.48023e-23 1.08464e-14 3.16373e-20 0 0 0 0 0 0 0 0 0.571429 0 0 0 0 0 
0.00011 1001 0.257548 101325 0.285714 6.80687e-08 7.4939e-09 0.142857 2.46065e-09 2.45961e-07 1.76889e-07 8.53055e-10 0 0 0 0 0 0 0 0 0 0 0 0 0 0 0 0 0 0 0 0 0 0 3.01714e-22 7.48727e-19 6.46213e-20 1.51505e-19 2.2583e-14 2.22002e-18 9.57345e-23 1.71649e-14 7.675e-20 0 0 0 0 0 0 0 0 0.571429 0 0 0 0 0 
0.00012 1001 0.257548 101325 0.285714 1.05617e-07 1.16294e-08 0.142857 3.82177e-09 3.86513e-07 2.75921e-07 1.36104e-09 0 0 0 0 0 0 0 0 0 0 0 0 0 0 0 0 0 0 0 0 0 0 5.19284e-22 1.80569e-18 1.56034e-19 3.68865e-19 3.50404e-14 5.37202e-18 3.64331e-22 2.6978e-14 1.853e-19 0 0 0 0 0 0 0 0 0.571429 0 0 0 0 0 
0.00013 1001 0.257548 101325 0.285714 1.63778e-07 1.80346e-08 0.142856 5.93473e-09 6.04783e-07 4.29147e-07 2.15899e-09 0 0 0 0 0 0 0 0 0 0 0 0 0 0 0 0 0 0 0 0 0 0 9.95338e-22 4.34525e-18 3.75723e-19 8.92804e-19 5.43365e-14 1.2954e-17 1.37346e-21 4.2202e-14 4.46125e-19 0 0 0 0 0 0 0 0 0.571429 0 0 0 0 0 
0.00014 1001.01 0.257548 101325 0.285713 2.53958e-07 2.79648e-08 0.142856 9.22209e-09 9.43844e-07 6.66073e-07 3.41516e-09 0 0 0 0 0 0 0 0 0 0 0 0 0 0 0 0 0 0 0 0 0 0 2.25121e-21 1.04474e-17 9.03542e-19 2.15334e-18 8.42559e-14 3.118e-17 5.14529e-21 6.58103e-14 1.07258e-18 0 0 0 0 0 0 0 0 0.571429 0 0 0 0 0 
0.00015 1001.01 0.257547 101325 0.285712 3.94005e-07 4.33835e-08 0.142855 1.4354e-08 1.47118e-06 1.0322e-06 5.40289e-09 0 0 0 0 0 0 0 0 0 0 0 0 0 0 0 0 0 0 0 0 0 0 6.133e-21 2.51261e-17 2.17259e-18 5.1842e-18 1.30721e-13 7.50137e-17 1.91996e-20 1.02426e-13 2.57808e-18 0 0 0 0 0 0 0 0 0.571429 0 0 0 0 0 
0.00016 1001.01 0.257546 101325 0.285711 6.12021e-07 6.73795e-08 0.142855 2.24069e-08 2.29325e-06 1.5976e-06 8.57625e-09 0 0 0 0 0 0 0 0 0 0 0 0 0 0 0 0 0 0 0 0 0 0 1.94089e-20 6.05166e-17 5.22941e-18 1.24756e-17 2.03055e-13 1.80608e-16 7.14775e-20 1.59258e-13 6.20183e-18 0 0 0 0 0 0 0 0 0.571429 0 0 0 0 0 
0.00017 1001.02 0.257544 101325 0.28571 9.52677e-07 1.04858e-07 0.142853 3.51434e-08 3.5798e-06 2.46989e-06 1.37119e-08 0 0 0 0 0 0 0 0 0 0 0 0 0 0 0 0 0 0 0 0 0 0 6.74099e-20 1.46181e-16 1.2617e-17 3.00478e-17 3.16084e-13 4.35786e-16 2.65815e-19 2.47602e-13 1.49496e-17 0 0 0 0 0 0 0 0 0.57143 0 0 0 0 0 
0.00018 1001.03 0.257542 101325 0.285707 1.488e-06 1.63717e-07 0.142851 5.5527e-08 5.60572e-06 3.81373e-06 2.21873e-08 0 0 0 0 0 0 0 0 0 0 0 0 0 0 0 0 0 0 0 0 0 0 2.46591e-19 3.54851e-16 3.05676e-17 7.25385e-17 4.93714e-13 1.05569e-15 9.88522e-19 3.8528e-13 3.61678e-17 0 0 0 0 0 0 0 0 0.571431 0 0 0 0 0 
0.00019 1001.05 0.257538 101325 0.285703 2.33659e-06 2.56926e-07 0.142848 8.8727e-08 8.82635e-06 5.87938e-06 3.65468e-08 0 0 0 0 0 0 0 0 0 0 0 0 0 0 0 0 0 0 0 0 0 0 9.31726e-19 8.68192e-16 7.45563e-17 1.75856e-16 7.75311e-13 2.57428e-15 3.68008e-18 6.00713e-13 8.80208e-17 0 0 0 0 0 0 0 0 0.571432 0 0 0 0 0 
0.0002 1001.08 0.257531 101325 0.285696 3.69951e-06 4.06414e-07 0.142842 1.44199e-07 1.40204e-05 9.04277e-06 6.16869e-08 0 0 0 0 0 0 0 0 0 0 0 0 0 0 0 0 0 0 0 0 0 0 3.62039e-18 2.15033e-15 1.83774e-16 4.29298e-16 1.22765e-12 6.34341e-15 1.3731e-17 9.39963e-13 2.16207e-16 0 0 0 0 0 0 0 0 0.571434 0 0 0 0 0 
0.00021 1001.12 0.257521 101325 0.285686 5.93194e-06 6.50745e-07 0.142834 2.40278e-07 2.25785e-05 1.38562e-05 1.07369e-07 0 0 0 0 0 0 0 0 0 0 0 0 0 0 0 0 0 0 0 0 0 0 1.45464e-17 5.42721e-15 4.60415e-16 1.05957e-15 1.96874e-12 1.58899e-14 5.14155e-17 1.47946e-12 5.38659e-16 0 0 0 0 0 0 0 0 0.571437 0 0 0 0 0 
0.00022 1001.2 0.257502 101325 0.285668 9.69544e-06 1.06139e-06 0.14282 4.14987e-07 3.71252e-05 2.10959e-05 1.93478e-07 0 0 0 0 0 0 0 0 0 0 0 0 0 0 0 0 0 0 0 0 0 0 6.12535e-17 1.40959e-14 1.18248e-15 2.66024e-15 3.21859e-12 4.08362e-14 1.93457e-16 2.35038e-12 1.37101e-15 0 0 0 0 0 0 0 0 0.571442 0 0 0 0 0 
0.00023 1001.35 0.257469 101325 0.285638 1.63056e-05 1.77965e-06 0.142798 7.52948e-07 6.29568e-05 3.17456e-05 3.6043e-07 0 0 0 0 0 0 0 0 0 0 0 0 0 0 0 0 0 0 0 0 0 0 2.76254e-16 3.82146e-14 3.15246e-15 6.85702e-15 5.41531e-12 1.09213e-13 7.31681e-16 3.78877e-12 3.60087e-15 0 0 0 0 0 0 0 0 0.571451 0 0 0 0 0 
0.00024 1001.62 0.257405 101325 0.285582 2.85791e-05 3.10634e-06 0.142761 1.45519e-06 0.000111567 4.67197e-05 6.86571e-07 0 0 0 0 0 0 0 0 0 0 0 0 0 0 0 0 0 0 0 0 0 0 1.37592e-15 1.10259e-13 8.87647e-15 1.83946e-14 9.49932e-12 3.10614e-13 2.7723e-15 6.24654e-12 9.88464e-15 0 0 0 0 0 0 0 0 0.571465 0 0 0 0 0 
0.00025 1002.18 0.257273 101325 0.285474 5.29961e-05 5.73124e-06 0.142696 3.01899e-06 0.000209627 6.58193e-05 1.30314e-06 0 0 0 0 0 0 0 0 0 0 0 0 0 0 0 0 0 0 0 0 0 0 7.85288e-15 3.46346e-13 2.69593e-14 5.23354e-14 1.76449e-11 9.69488e-13 1.03703e-14 1.06573e-11 2.87144e-14 0 0 0 0 0 0 0 0 0.571491 0 0 0 0 0 
0.00026 1003.4 0.256984 101325 0.285248 0.000105243 1.13275e-05 0.142578 6.6506e-06 0.000421364 8.53784e-05 2.35052e-06 0 0 0 0 0 0 0 0 0 0 0 0 0 0 0 0 0 0 0 0 0 0 5.28751e-14 1.20341e-12 8.97982e-14 1.61409e-13 3.51685e-11 3.45475e-12 3.67488e-14 1.91155e-11 8.83487e-14 0 0 0 0 0 0 0 0 0.571541 0 0 0 0 0 
0.00027 1006.13 0.256332 101325 0.284752 0.000223695 2.40376e-05 0.142341 1.50321e-05 0.000898577 9.75882e-05 3.76905e-06 0 0 0 0 0 0 0 0 0 0 0 0 0 0 0 0 0 0 0 0 0 0 4.14628e-13 4.55215e-12 3.24281e-13 5.45963e-13 7.53654e-11 1.45297e-11 1.14625e-13 3.6685e-11 2.78119e-13 0 0 0 0 0 0 0 0 0.571645 0 0 0 0 0 
0.00028 1012.32 0.254865 101325 0.283618 0.000504674 5.44634e-05 0.141822 3.44784e-05 0.00199247 0.000100047 5.08033e-06 0 0 0 0 0 0 0 0 0 0 0 0 0 0 0 0 0 0 0 0 0 0 3.51562e-12 1.76094e-11 1.1858e-12 1.97244e-12 1.73174e-10 7.25023e-11 3.09824e-13 7.65251e-11 8.31267e-13 0 0 0 0 0 0 0 0 0.57187 0 0 0 0 0 
0.00029 1026.77 0.251508 101325 0.280842 0.00124126 0.000135684 0.140565 8.53353e-05 0.00463527 9.86477e-05 5.49251e-06 0 0 0 0 0 0 0 0 0 0 0 0 0 0 0 0 0 0 0 0 0 0 3.08684e-11 6.70992e-11 4.00123e-12 7.08877e-12 4.4406e-10 4.33434e-10 8.17382e-13 1.78578e-10 2.35015e-12 0 0 0 0 0 0 0 0 0.572391 0 0 0 0 0 
0.0003 1064.75 0.243114 101325 0.272609 0.00375012 0.000424118 0.136891 0.000263719 0.0122101 9.42414e-05 3.914e-06 0 0 0 0 0 0 0 0 0 0 0 0 0 0 0 0 0 0 0 0 0 0 3.32669e-10 2.90098e-10 1.25593e-11 2.41652e-11 1.48697e-09 3.59561e-09 2.39458e-12 5.22142e-10 8.09338e-12 0 0 0 0 0 0 0 0 0.573754 0 0 0 0 0 
0.00031 1207.76 0.216213 101325 0.228237 0.0212096 0.00271004 0.117565 0.00176088 0.0496354 8.00732e-05 2.14311e-06 0 0 0 0 0 0 0 0 0 0 0 0 0 0 0 0 0 0 0 0 0 0 9.28846e-09 2.74304e-09 5.51437e-11 8.38057e-11 1.15159e-08 8.74011e-08 1.42428e-11 3.32682e-09 7.84499e-11 0 0 0 0 0 0 0 0 0.5788 0 0 0 0 0 
0.00032 1718.45 0.157221 101325 0.0540805 0.0809986 0.019761 0.0333196 0.016275 0.196693 2.08314e-05 1.74857e-06 0 0 0 0 0 0 0 0 0 0 0 0 0 0 0 0 0 0 0 0 0 0 1.49588e-07 3.21484e-08 2.40488e-10 5.8735e-11 8.64685e-08 9.02448e-06 8.20658e-10 5.60278e-08 2.36862e-09 0 0 0 0 0 0 0 0 0.59884 0 0 0 0 0 
0.00033 1951.52 0.141064 101325 0.0544198 0.0586483 0.0166926 0.0283138 0.0207582 0.21096 1.34662e-05 7.3339e-07 0 0 0 0 0 0 0 0 0 0 0 0 0 0 0 0 0 0 0 0 0 0 8.95928e-08 2.92959e-08 5.13944e-10 1.60731e-10 7.85683e-08 2.37898e-05 1.95447e-09 6.38013e-08 3.90919e-09 0 0 0 0 0 0 0 0 0.610169 0 0 0 0 0 
0.00034 2082.3 0.13362 101325 0.0533224 0.0472491 0.0143939 0.0256112 0.0225591 0.220124 1.0396e-05 4.85277e-07 0 0 0 0 0 0 0 0 0 0 0 0 0 0 0 0 0 0 0 0 0 0 7.41081e-08 2.56399e-08 7.05553e-10 2.56052e-10 7.03287e-08 3.50608e-05 2.81566e-09 6.75768e-08 4.56819e-09 0 0 0 0 0 0 0 0 0.616694 0 0 0 0 0 
0.00035 2172.17 0.129037 101325 0.0518872 0.0399585 0.0126875 0.0237135 0.0233873 0.227068 8.62287e-06 3.82009e-07 0 0 0 0 0 0 0 0 0 0 0 0 0 0 0 0 0 0 0 0 0 0 7.36509e-08 2.27912e-08 8.49364e-10 3.44007e-10 6.34817e-08 4.4893e-05 3.65632e-09 7.13733e-08 4.98978e-09 0 0 0 0 0 0 0 0 0.621244 0 0 0 0 0 
0.00036 2239.79 0.125839 101325 0.0504223 0.0347765 0.0113635 0.0222532 0.0237494 0.232674 7.47006e-06 3.27678e-07 0 0 0 0 0 0 0 0 0 0 0 0 0 0 0 0 0 0 0 0 0 0 7.99926e-08 2.07335e-08 9.70403e-10 4.2942e-10 5.78311e-08 5.43304e-05 4.57442e-09 7.56672e-08 5.35788e-09 0 0 0 0 0 0 0 0 0.624699 0 0 0 0 0 
0.00037 2293.38 0.123442 101325 0.0490157 0.030861 0.0103019 0.0210705 0.0238581 0.237365 6.67245e-06 2.95387e-07 0 0 0 0 0 0 0 0 0 0 0 0 0 0 0 0 0 0 0 0 0 0 8.97046e-08 1.93278e-08 1.08488e-09 5.17336e-10 5.31138e-08 6.39125e-05 5.61875e-09 8.05852e-08 5.7436e-09 0 0 0 0 0 0 0 0 0.627456 0 0 0 0 0 
0.00038 2337.31 0.121561 101325 0.0476939 0.0277814 0.0094298 0.0200809 0.0238192 0.241385 6.09911e-06 2.74914e-07 0 0 0 0 0 0 0 0 0 0 0 0 0 0 0 0 0 0 0 0 0 0 1.0106e-07 1.84452e-08 1.20334e-09 6.12273e-10 4.91249e-08 7.39137e-05 6.81658e-09 8.61259e-08 6.17749e-09 0 0 0 0 0 0 0 0 0.629729 0 0 0 0 0 
0.00039 2374.19 0.120038 101325 0.0464628 0.0252898 0.00870024 0.0192343 0.0236912 0.244887 5.67626e-06 2.61563e-07 0 0 0 0 0 0 0 0 0 0 0 0 0 0 0 0 0 0 0 0 0 0 1.13102e-07 1.79803e-08 1.33253e-09 7.18024e-10 4.57137e-08 8.4462e-05 8.18333e-09 9.22316e-08 6.67263e-09 0 0 0 0 0 0 0 0 0.631644 0 0 0 0 0 
0.0004 2405.69 0.118775 101325 0.0453208 0.0232314 0.00808123 0.0184983 0.0235092 0.247972 5.35856e-06 2.52864e-07 0 0 0 0 0 0 0 0 0 0 0 0 0 0 0 0 0 0 0 0 0 0 1.25271e-07 1.78488e-08 1.47661e-09 8.37595e-10 4.27689e-08 9.56029e-05 9.7265e-09 9.88188e-08 7.23361e-09 0 0 0 0 0 0 0 0 0.633285 0 0 0 0 0 
0.00041 2432.94 0.117709 101325 0.0442633 0.0215036 0.00755017 0.017851 0.023295 0.250716 5.11646e-06 2.47381e-07 7.23135e-31 3.04712e-32 2.86445e-32 2.22285e-33 2.23469e-32 1.40604e-33 -2.04322e-29 -1.03995e-29 1.33401e-32 2.06225e-32 9.5539e-34 2.78059e-35 3.94403e-35 -1.01248e-50 -3.72386e-49 -1.18455e-52 -3.29796e-52 -6.01271e-52 -1.12869e-52 -4.23046e-50 -1.04324e-50 -4.41335e-51 1.37233e-07 1.79828e-08 1.6378e-09 9.73202e-10 4.02067e-08 0.000107334 1.14477e-08 1.05793e-07 7.86059e-09 4.15742e-33 -6.13403e-32 -7.10165e-37 -2.56943e-37 1.08247e-35 -3.42371e-34 -1.21783e-32 -1.26568e-34 0.634708 0 -7.22345e-74 1.25154e-75 -9.74334e-54 -2.66938e-52 
0.00042 2456.76 0.116798 101325 0.0432851 0.020035 0.00709051 0.0172766 0.0230631 0.25317 4.92986e-06 2.44203e-07 -8.23687e-32 -2.28337e-32 -5.36429e-32 -3.18814e-33 4.59634e-33 4.65345e-33 4.69967e-31 -7.69271e-30 -4.08974e-33 -4.48855e-32 -2.6893e-34 -4.10347e-36 2.49546e-35 -1.03055e-50 -2.73762e-49 -1.30943e-51 -4.29683e-51 -2.66535e-51 -1.04709e-52 -1.76566e-49 -2.93036e-50 -3.73988e-50 1.48789e-07 1.83271e-08 1.81695e-09 1.1263e-09 3.79632e-08 0.000119627 1.33439e-08 1.13056e-07 8.55121e-09 3.65622e-34 2.53079e-32 2.79479e-37 3.84955e-37 2.4065e-35 2.52108e-34 5.04391e-33 1.07374e-33 0.635954 0 4.5028e-71 1.16991e-72 -6.53344e-54 -3.50514e-52 
0.00043 2477.73 0.116011 101325 0.0423808 0.0187744 0.0066898 0.0167633 0.022823 0.255378 4.78463e-06 2.42715e-07 -8.67212e-34 -6.91194e-34 -1.85339e-33 -4.94009e-34 -2.54523e-32 -5.66619e-32 6.85848e-31 -2.5108e-30 -7.47403e-34 -2.50358e-33 -1.86749e-34 -1.01739e-35 -2.45359e-35 8.33841e-53 2.61399e-51 -2.78013e-53 -4.52511e-53 -2.90264e-53 -1.70577e-54 3.90856e-52 3.31695e-53 9.61529e-53 1.59824e-07 1.88361e-08 2.01385e-09 1.2976e-09 3.59883e-08 0.00013244 1.54083e-08 1.20514e-07 9.30169e-09 2.12691e-35 1.47071e-33 -1.04583e-38 -5.03074e-38 -2.66297e-37 8.67832e-36 3.26038e-34 6.63086e-35 0.637053 0 1.83515e-73 -3.97791e-75 -8.89652e-55 -2.0569e-53 
0.00044 2496.31 0.115325 101325 0.0415453 0.0176834 0.00633846 0.0163024 0.0225813 0.25737 4.67058e-06 2.42481e-07 -9.94008e-32 4.07877e-32 1.24418e-31 2.39995e-32 1.18645e-30 1.3078e-30 -5.80888e-30 -8.01644e-30 2.28522e-32 1.60365e-31 2.3027e-33 7.04755e-34 1.12944e-33 -1.27314e-49 -4.467e-48 -2.01115e-50 -5.85891e-50 -4.75349e-50 -2.98268e-51 -6.53976e-49 -2.1538e-49 -9.35857e-50 1.70279e-07 1.94724e-08 2.22753e-09 1.48717e-09 3.42424e-08 0.000145723 1.76313e-08 1.28075e-07 1.01074e-08 -3.68288e-34 -4.01126e-33 1.56817e-36 1.83982e-36 1.91052e-34 -1.14798e-35 -6.75593e-34 -2.54739e-34 0.638028 0 1.22938e-69 2.56777e-71 -3.20935e-52 -9.41049e-51 
0.00045 2512.85 0.114723 101325 0.0407738 0.0167332 0.00602892 0.0158867 0.0223426 0.259174 4.58028e-06 2.43178e-07 3.93179e-32 1.01032e-32 4.5074e-32 4.86451e-33 1.96698e-31 -4.84771e-31 -4.39789e-30 -3.46146e-30 6.89177e-33 -4.55612e-32 5.94826e-33 2.95572e-34 1.61032e-34 -4.33197e-50 -1.49727e-48 -2.01199e-50 -1.00369e-49 -9.43225e-50 -2.3525e-51 -1.82226e-49 1.04893e-49 -7.72041e-50 1.80129e-07 2.0205e-08 2.45645e-09 1.69446e-09 3.26933e-08 0.000159427 2.00014e-08 1.35658e-07 1.09633e-08 1.60087e-34 -3.3754e-33 4.37246e-37 2.80533e-36 -7.63977e-35 -3.11132e-35 -5.75752e-34 -1.21225e-34 0.638896 0 2.18322e-69 2.66723e-71 5.93156e-52 8.49536e-52 
0.00046 2527.63 0.114192 101325 0.0400618 0.015901 0.00575513 0.0155107 0.0221101 0.26081 4.50816e-06 2.4456e-07 -5.22159e-31 -8.34958e-32 -3.74718e-31 -2.34031e-32 -2.74177e-30 -3.88066e-30 -1.75319e-29 -1.53859e-29 1.6161e-31 1.17881e-30 -2.85745e-32 -1.99059e-33 2.7145e-33 -1.86114e-49 -5.56108e-48 1.42873e-49 7.02643e-49 7.46583e-49 4.85688e-50 -2.85596e-48 -1.8965e-48 -1.99126e-49 1.89372e-07 2.10083e-08 2.6987e-09 1.91845e-09 3.13148e-08 0.000173501 2.25054e-08 1.43189e-07 1.1864e-08 -2.5458e-33 7.43202e-32 -1.4881e-35 6.76279e-36 2.23003e-33 1.2407e-33 1.64278e-32 3.27312e-33 0.639673 0 -1.8515e-68 -4.18865e-70 2.44341e-51 -1.04156e-49 
0.00047 2540.87 0.113721 101325 0.0394053 0.0151689 0.00551217 0.0151698 0.0218859 0.262296 4.45007e-06 2.46436e-07 -1.30926e-30 -3.13107e-31 -6.58276e-32 -1.4667e-31 -4.53329e-30 2.00188e-31 1.05361e-29 -1.81072e-29 -8.93628e-31 -4.59406e-30 -1.48244e-31 -4.21081e-33 -2.18064e-32 1.99702e-48 6.69787e-47 3.87443e-49 -6.04742e-49 -1.95978e-48 -6.97021e-50 2.04783e-47 7.25852e-48 3.78748e-48 1.98023e-07 2.18611e-08 2.95214e-09 2.15766e-09 3.0085e-08 0.0001879 2.51296e-08 1.50601e-07 1.28043e-08 1.27855e-33 -1.11546e-31 9.23619e-36 -7.33264e-35 -2.54271e-33 -3.67031e-33 6.07377e-33 -2.38986e-33 0.640369 0 5.51717e-68 1.5835e-69 1.98852e-50 4.63259e-49 
0.00048 2552.77 0.113303 101325 0.0388004 0.0145224 0.00529596 0.0148601 0.0216714 0.263648 4.40284e-06 2.48657e-07 1.79481e-33 3.96567e-33 -1.77442e-32 -1.39001e-33 -6.04167e-32 -2.74074e-32 1.1488e-29 -1.38374e-30 -1.99816e-32 -3.49399e-32 -1.27647e-33 -4.42206e-35 -6.14756e-35 -8.32524e-52 -6.01454e-50 5.64283e-50 2.69789e-50 -2.61474e-50 -2.63706e-51 5.005e-50 -9.38514e-50 -3.5441e-50 2.06108e-07 2.27462e-08 3.21454e-09 2.41034e-09 2.89856e-08 0.000202579 2.78599e-08 1.57841e-07 1.37791e-08 1.94588e-33 1.24064e-31 3.92965e-37 -1.80437e-37 -7.23919e-34 9.2086e-34 2.62594e-32 5.60927e-33 0.640994 0 2.68709e-69 1.42727e-70 1.60529e-52 -2.25722e-50 
0.00049 2563.49 0.11293 101325 0.0382434 0.0139497 0.00510311 0.0145784 0.0214676 0.264878 4.36408e-06 2.51104e-07 7.01188e-29 2.19729e-30 1.46459e-30 8.45399e-32 8.97079e-31 1.24675e-31 7.93685e-28 9.44765e-29 1.09965e-30 2.2511e-30 2.9436e-32 1.14743e-33 2.76065e-33 -1.50387e-49 -5.43387e-48 -4.86323e-52 -5.60203e-51 -4.27798e-51 -1.51435e-52 -7.81964e-49 -2.67278e-49 -1.14488e-49 2.13658e-07 2.36493e-08 3.48365e-09 2.67449e-09 2.80012e-08 0.000217501 3.06823e-08 1.64861e-07 1.47834e-08 1.02785e-31 1.50401e-30 8.68658e-36 1.51359e-34 1.72338e-33 1.01661e-32 2.18917e-31 1.02947e-31 0.641557 0 8.71788e-70 4.45083e-71 -1.03427e-52 -3.78864e-51 
0.0005 2573.14 0.112596 101325 0.0377311 0.0134409 0.00493075 0.0143219 0.021275 0.265999 4.33195e-06 2.53685e-07 -8.63683e-31 1.53013e-31 5.71017e-31 3.97259e-32 4.67523e-31 1.03608e-32 6.05885e-28 4.63486e-28 6.65156e-32 9.07592e-31 1.50241e-32 6.33434e-34 1.43415e-33 -5.16074e-49 -2.04572e-47 7.94628e-52 -8.14391e-51 -3.58903e-50 -2.80836e-51 -9.7683e-49 5.50201e-49 -2.93851e-49 2.20707e-07 2.45593e-08 3.75729e-09 2.94801e-09 2.71182e-08 0.00023263 3.35837e-08 1.71624e-07 1.58126e-08 8.80274e-33 5.1468e-32 8.80177e-37 1.56542e-35 3.58696e-34 -9.95927e-34 -1.77633e-32 1.89489e-32 0.642064 0 9.68882e-71 2.31585e-72 1.52194e-53 3.46203e-51 
0.00051 2581.86 0.112298 101325 0.0372603 0.012988 0.00477644 0.0140881 0.0210938 0.267019 4.30503e-06 2.56326e-07 8.85779e-32 -9.80566e-32 3.28024e-31 2.4277e-32 5.74012e-31 1.87503e-32 4.79165e-28 5.18885e-28 1.1229e-32 6.44799e-31 1.44178e-32 7.23171e-34 1.97973e-33 -4.32427e-49 -1.82968e-47 6.68326e-51 -2.25155e-50 -9.63587e-50 -4.5244e-51 2.13898e-48 1.03991e-48 -3.38071e-49 2.27291e-07 2.5467e-08 4.03344e-09 3.22875e-09 2.63254e-08 0.000247934 3.65513e-08 1.78103e-07 1.68625e-08 -6.11827e-33 -6.74482e-32 1.68943e-36 3.73308e-36 7.81414e-34 -6.87775e-34 -2.32277e-32 6.84187e-33 0.642521 0 4.45978e-70 -1.67382e-71 1.73082e-52 1.2778e-50 
0.00052 2589.73 0.112029 101325 0.0368281 0.0125838 0.00463809 0.0138748 0.0209239 0.267949 4.28224e-06 2.58971e-07 -3.3678e-31 4.50962e-31 -1.75351e-30 -1.34126e-31 -1.36565e-30 2.25853e-31 5.34856e-28 5.42354e-28 1.23157e-31 -2.1697e-30 -5.08248e-32 -2.1567e-33 -4.10799e-33 7.39375e-49 3.09434e-47 -1.87322e-49 -8.59198e-49 -1.75049e-49 -8.41405e-52 -1.9059e-47 -3.03682e-48 -1.18127e-47 2.33447e-07 2.63655e-08 4.31021e-09 3.51458e-09 2.56128e-08 0.000263387 3.95737e-08 1.84276e-07 1.79293e-08 8.83274e-33 -3.69879e-31 -7.19454e-36 -3.34251e-36 -4.32708e-33 1.77148e-32 -9.67828e-32 -3.45584e-32 0.642934 0 2.01563e-68 8.42678e-70 1.28976e-51 9.94556e-50 
0.00053 2596.85 0.111789 101325 0.0364316 0.0122227 0.00451388 0.0136803 0.0207651 0.268795 4.26274e-06 2.61576e-07 -2.68644e-30 -1.67692e-30 2.95221e-30 2.22357e-31 -2.53594e-30 -2.12911e-30 4.95044e-28 5.57817e-28 -6.07743e-31 1.95629e-30 1.56229e-32 -7.96693e-34 -1.10625e-32 3.57179e-48 1.3737e-46 8.42383e-49 4.60182e-48 2.20217e-48 5.30275e-50 1.46403e-47 -2.31714e-49 5.12003e-47 2.39211e-07 2.72495e-08 4.58595e-09 3.80349e-09 2.49715e-08 0.000278964 4.26401e-08 1.90129e-07 1.90094e-08 -4.92696e-32 -7.43788e-32 -6.78777e-36 -4.22591e-35 -1.31267e-32 -3.84495e-32 -6.3648e-32 -2.34916e-32 0.643307 0 -8.64226e-68 -3.04025e-69 -4.16639e-51 -5.20501e-49 
0.00054 2603.29 0.111572 101325 0.0360682 0.0118994 0.00440223 0.0135028 0.0206172 0.269567 4.24588e-06 2.64108e-07 1.81248e-29 1.97212e-30 -5.4524e-30 -5.10349e-31 1.54534e-29 4.29947e-30 4.45014e-28 5.64537e-28 3.95378e-31 -2.07991e-30 6.84145e-32 1.31652e-32 7.922e-32 -7.79028e-48 -3.60839e-46 -7.48062e-49 -6.43904e-48 -8.83212e-48 -2.29477e-49 3.79806e-46 4.39894e-47 2.46166e-47 2.44617e-07 2.81149e-08 4.8592e-09 4.09357e-09 2.43941e-08 0.000294645 4.57412e-08 1.95656e-07 2.00997e-08 2.27002e-31 -2.69302e-30 7.29843e-35 7.07882e-35 3.43092e-32 -2.09957e-31 -6.1466e-31 -1.4233e-32 0.643644 0 -4.56319e-68 -7.81477e-69 2.08955e-50 -8.24316e-49 
0.00055 2609.11 0.111377 101325 0.0357355 0.0116097 0.00430178 0.0133407 0.0204798 0.270269 4.23115e-06 2.66545e-07 -4.7204e-29 1.79052e-29 1.2083e-30 8.63412e-32 3.9835e-30 1.80354e-29 4.72276e-28 5.65882e-28 3.89927e-30 1.22906e-29 2.15621e-32 -1.17224e-33 8.24228e-33 4.82339e-48 2.11329e-46 -2.20761e-47 -1.24349e-46 -3.99489e-47 -8.13752e-49 1.29805e-45 4.12022e-46 -9.75453e-46 2.49698e-07 2.8959e-08 5.12872e-09 4.3831e-09 2.38738e-08 0.00031041 4.88685e-08 2.00853e-07 2.11976e-08 -2.7574e-31 9.66585e-30 -7.58931e-35 3.47831e-34 -1.54812e-31 2.60304e-31 2.98001e-31 6.80037e-31 0.643948 0 2.53768e-66 1.10597e-67 3.15215e-50 3.38684e-47 
0.00056 2614.39 0.111201 101325 0.0354311 0.0113498 0.00421132 0.0131927 0.0203523 0.270909 4.21816e-06 2.68868e-07 3.17192e-31 -2.10659e-31 1.71973e-31 2.6721e-32 5.99228e-31 3.12779e-31 4.85131e-28 5.70666e-28 -1.85008e-31 -2.18895e-32 1.57419e-32 6.0117e-34 1.28979e-33 -5.11515e-47 -1.91924e-45 -2.53093e-48 -2.72931e-48 5.7871e-49 7.54695e-50 -2.00382e-46 -1.32771e-47 -4.85211e-47 2.54483e-07 2.97798e-08 5.39349e-09 4.67054e-09 2.34047e-08 0.000326245 5.20148e-08 2.05724e-07 2.23007e-08 -6.06316e-32 -4.01397e-30 -1.16711e-35 -4.6572e-35 3.32425e-32 -4.08521e-32 -1.2814e-30 -2.14182e-31 0.644223 0 2.33843e-66 5.29954e-68 -2.15077e-50 1.3535e-48 
0.00057 2619.16 0.111042 101325 0.0351529 0.0111162 0.00412978 0.0130575 0.0202343 0.271491 4.20662e-06 2.71069e-07 -2.97085e-30 2.44218e-31 1.32582e-30 1.11357e-31 2.42854e-30 4.41881e-31 4.77829e-28 5.67917e-28 4.83211e-31 3.32708e-30 6.67741e-32 2.89831e-33 9.40261e-33 -2.85807e-46 -1.07052e-44 -1.49334e-49 -2.73529e-48 -3.3792e-48 -1.25297e-49 -1.50772e-45 -5.3842e-46 -5.19695e-46 2.59003e-07 3.05764e-08 5.6527e-09 4.95458e-09 2.29815e-08 0.000342136 5.51736e-08 2.10273e-07 2.3407e-08 -3.86436e-32 -3.41495e-31 7.63197e-36 3.62162e-35 4.81163e-32 -4.81684e-32 3.96759e-31 4.16458e-32 0.644471 0 6.79281e-66 2.80405e-67 4.41363e-51 4.75598e-48 
0.00058 2623.48 0.110899 101325 0.0348988 0.0109063 0.00405623 0.0129341 0.0201252 0.272021 4.19626e-06 2.73139e-07 5.62808e-31 7.67224e-33 -3.24956e-31 -2.56689e-32 -9.54434e-31 -1.82034e-31 4.82538e-28 5.70978e-28 -1.72694e-32 -1.06465e-30 -1.88759e-32 -1.03591e-33 -3.78167e-33 7.3254e-48 7.66218e-46 1.15142e-48 5.52254e-48 2.98241e-48 1.3123e-49 -2.47158e-46 -1.91248e-46 2.22617e-46 2.63281e-07 3.13481e-08 5.9057e-09 5.23408e-09 2.25994e-08 0.000358071 5.83394e-08 2.14509e-07 2.45147e-08 1.06355e-32 9.08972e-32 -4.97825e-36 -3.15495e-36 8.51441e-34 2.65297e-32 4.02184e-32 3.05428e-33 0.644696 0 -4.3444e-66 -2.08325e-67 2.35809e-50 -4.95804e-49 
0.00059 2627.4 0.11077 101325 0.0346669 0.0107174 0.00398983 0.0128213 0.0200246 0.272503 4.18691e-06 2.75076e-07 2.74763e-31 -7.36746e-32 -1.74504e-31 -1.7252e-32 -1.6384e-30 -4.78264e-31 4.8104e-28 5.73857e-28 -9.21102e-32 -1.1897e-30 -2.6568e-32 -1.52464e-33 -5.72411e-33 4.35514e-47 2.12804e-45 2.20451e-48 1.04747e-47 4.04915e-48 1.65464e-49 -5.98131e-47 -1.72475e-46 4.48236e-46 2.67342e-07 3.20949e-08 6.15204e-09 5.50812e-09 2.22544e-08 0.00037404 6.15078e-08 2.18444e-07 2.56224e-08 8.27156e-33 4.36231e-31 -6.92238e-36 -6.07061e-36 -1.39652e-32 4.01438e-32 4.52672e-32 1.57907e-32 0.644898 0 -4.83689e-66 -2.53297e-67 1.81253e-50 -1.4084e-48 
0.0006 2630.94 0.110654 101325 0.0344555 0.0105473 0.00392986 0.0127182 0.0199318 0.272941 4.17842e-06 2.76882e-07 5.94237e-32 -1.20507e-31 -5.082e-32 -5.48589e-33 -1.84075e-30 -5.87841e-31 4.80825e-28 5.75199e-28 -9.80063e-32 -1.21641e-30 -2.48604e-32 -1.60636e-33 -6.69524e-33 -8.41762e-48 1.79796e-46 3.21711e-48 1.77311e-47 6.3623e-48 2.21929e-49 -7.5872e-46 -3.99921e-46 5.856e-46 2.71209e-07 3.28172e-08 6.39139e-09 5.77595e-09 2.19428e-08 0.000390035 6.46749e-08 2.2209e-07 2.67289e-08 -1.02798e-33 1.96175e-31 -1.03632e-35 -5.76558e-36 -9.19453e-33 6.38904e-32 -6.67074e-32 1.84193e-33 0.645081 0 -8.31481e-66 -4.40649e-67 3.73594e-51 -3.15471e-48 
0.00061 2634.15 0.110549 101325 0.0342628 0.010394 0.00387564 0.012624 0.0198464 0.27334 4.17065e-06 2.78557e-07 4.4162e-32 -1.69688e-31 -2.37648e-32 2.82133e-34 -2.14076e-30 -7.03243e-31 4.80299e-28 5.76804e-28 -8.70928e-32 -1.54099e-30 -2.49566e-32 -1.82413e-33 -8.49932e-33 -6.93733e-47 -2.39029e-45 4.86721e-48 3.06212e-47 1.08039e-47 3.20726e-49 -2.03075e-45 -7.0714e-46 7.92732e-46 2.74899e-07 3.35156e-08 6.62358e-09 6.03701e-09 2.16611e-08 0.000406048 6.78373e-08 2.25461e-07 2.78332e-08 -4.47896e-33 1.56872e-31 -1.37351e-35 -5.4481e-36 -3.51967e-33 1.24947e-31 -1.19274e-31 -3.4156e-33 0.645246 0 -1.72576e-65 -9.1574e-67 -6.83089e-51 -7.28012e-48 
0.00062 2637.06 0.110454 101325 0.0340874 0.0102558 0.00382661 0.0125379 0.0197678 0.273702 4.16352e-06 2.80105e-07 1.33874e-31 -3.11681e-31 6.37377e-32 1.06933e-32 -1.84081e-30 -8.24043e-31 4.7851e-28 5.78386e-28 -9.95299e-32 -1.31167e-30 -1.65657e-32 -1.4493e-33 -7.51949e-33 -1.26522e-46 -4.98082e-45 6.73033e-48 4.62233e-47 1.36779e-47 3.60757e-49 -3.33084e-45 -1.01848e-45 1.17745e-45 2.78432e-07 3.41909e-08 6.84852e-09 6.29091e-09 2.14064e-08 0.000422073 7.09926e-08 2.28571e-07 2.89344e-08 -9.1095e-33 8.51576e-32 -1.24308e-35 -6.42016e-36 1.66976e-33 2.11833e-31 -1.15257e-31 -1.07436e-32 0.645395 0 -2.62585e-65 -1.4151e-66 -1.19822e-50 -1.39611e-47 
0.00063 2639.69 0.110368 101325 0.0339278 0.0101311 0.00378223 0.0124592 0.0196955 0.274031 4.15694e-06 2.81532e-07 5.75318e-31 -6.38908e-31 2.20317e-31 3.41926e-32 -1.89699e-30 -1.03287e-30 4.78293e-28 5.79735e-28 -1.49163e-31 -2.23809e-30 -5.7445e-33 -1.31957e-33 -9.69652e-33 -2.71791e-46 -1.15401e-44 1.37923e-47 1.06038e-46 3.0258e-47 7.068e-49 -8.68744e-45 -2.13122e-45 2.04385e-45 2.81822e-07 3.4844e-08 7.06624e-09 6.53737e-09 2.11761e-08 0.000438105 7.41386e-08 2.31436e-07 3.00321e-08 -1.57066e-32 -7.32692e-32 -1.5192e-35 -8.86184e-36 6.04865e-33 5.72673e-31 -2.55586e-31 -3.31676e-32 0.64553 0 -7.44595e-65 -4.10263e-66 6.79026e-51 -3.44881e-47 
0.00064 2642.07 0.11029 101325 0.0337827 0.0100185 0.00374205 0.0123872 0.0196291 0.27433 4.15085e-06 2.82843e-07 1.5981e-30 -1.16415e-30 7.31186e-31 1.01055e-31 6.87029e-32 -1.60952e-31 4.76093e-28 5.80881e-28 -1.72261e-31 -4.8264e-30 4.69601e-32 6.76894e-34 -9.60654e-33 -4.49262e-46 -2.06084e-44 2.65707e-47 2.3819e-46 7.27696e-47 1.51512e-48 -2.18191e-44 -3.91543e-45 1.47727e-45 2.85085e-07 3.54761e-08 7.27684e-09 6.77625e-09 2.09678e-08 0.00045414 7.72736e-08 2.34071e-07 3.11256e-08 -2.22131e-32 -5.9912e-31 -8.60434e-36 -5.90816e-36 1.85778e-32 1.4387e-30 -6.47546e-31 -7.82996e-32 0.645651 0 -2.1819e-64 -1.22428e-65 8.5468e-50 -7.10129e-47 
0.00065 2644.23 0.11022 101325 0.0336508 0.00991691 0.00370563 0.0123213 0.0195681 0.274602 4.14518e-06 2.84044e-07 2.15733e-30 -1.09955e-30 1.58738e-30 1.85394e-31 6.71024e-30 3.32106e-30 4.66627e-28 5.82814e-28 -2.27023e-31 -7.2521e-30 1.54848e-31 6.33349e-33 5.45076e-33 -3.52726e-46 -1.63844e-44 5.2134e-47 3.67744e-46 1.08214e-46 2.13942e-48 -3.4282e-44 -5.43959e-45 -7.16326e-45 2.88233e-07 3.60881e-08 7.48048e-09 7.00751e-09 2.07793e-08 0.000470172 8.03963e-08 2.3649e-07 3.22146e-08 -3.04877e-32 -2.3345e-30 2.72577e-35 1.19354e-35 7.06437e-32 2.00049e-30 -1.06757e-30 -1.40445e-31 0.64576 0 -4.0264e-64 -2.29135e-65 8.71956e-50 -9.51081e-47 
0.00066 2646.18 0.110157 101325 0.033531 0.00982509 0.00367262 0.0122609 0.0195121 0.274849 4.1399e-06 2.85143e-07 4.74388e-30 -1.20608e-30 2.16966e-30 2.42403e-31 1.68791e-29 8.10382e-30 4.54364e-28 5.83995e-28 -3.09151e-31 -1.38614e-29 2.89278e-31 1.45863e-32 3.45542e-32 2.36442e-46 5.76245e-45 8.02756e-47 6.85591e-46 1.82228e-46 3.29537e-48 -6.40339e-44 -6.98548e-45 -2.96099e-44 2.91277e-07 3.66813e-08 7.67736e-09 7.23122e-09 2.06086e-08 0.000486199 8.35056e-08 2.38709e-07 3.32988e-08 3.05997e-32 -3.47032e-30 1.02939e-34 2.78237e-35 8.32449e-32 3.40393e-30 -1.66312e-30 -1.82667e-31 0.645858 0 -8.81041e-64 -5.11549e-65 1.10985e-49 -1.76104e-46 
0.00067 2647.95 0.1101 101325 0.0334223 0.0097421 0.00364268 0.0122056 0.0194607 0.275073 4.13496e-06 2.86144e-07 1.35871e-29 -6.29937e-31 5.37837e-31 9.7609e-32 3.48355e-29 1.70355e-29 4.35219e-28 5.85265e-28 -5.55718e-31 -3.67567e-29 4.35412e-31 2.72584e-32 9.96164e-32 1.11335e-45 4.51017e-44 1.60424e-46 1.73298e-45 3.92081e-46 6.91429e-48 -1.98236e-43 -2.40786e-44 -9.93262e-44 2.94229e-07 3.72568e-08 7.86773e-09 7.44748e-09 2.04541e-08 0.000502219 8.6601e-08 2.40741e-07 3.4378e-08 3.75477e-31 -8.39292e-31 2.60681e-34 4.40576e-35 3.56413e-33 1.12245e-29 -5.83779e-30 -3.06089e-31 0.645946 0 -2.70338e-63 -1.60467e-64 -8.6619e-49 -6.48118e-46 
0.00068 2649.55 0.110048 101325 0.0333237 0.00966706 0.0036155 0.0121549 0.0194136 0.275276 4.13032e-06 2.87055e-07 3.21329e-29 -3.21016e-30 -2.76356e-30 -2.97131e-31 5.3607e-29 2.72063e-29 4.89734e-28 5.8988e-28 -1.79657e-30 -1.23321e-28 4.7199e-31 3.8568e-32 1.56477e-31 8.88988e-45 3.83965e-43 3.71101e-46 4.39765e-45 1.22823e-45 2.21167e-47 -4.62449e-43 -2.37091e-44 -3.69308e-43 2.97097e-07 3.78157e-08 8.05186e-09 7.65649e-09 2.03142e-08 0.000518228 8.96818e-08 2.42601e-07 3.54522e-08 7.21171e-31 -1.42678e-29 4.86585e-34 -5.57432e-35 -7.59133e-32 1.84659e-29 -1.1914e-29 -8.06995e-31 0.646026 0 -7.61455e-63 -4.55279e-64 -1.53271e-48 -1.16405e-45 
0.00069 2651 0.110002 101325 0.0332344 0.00959919 0.00359081 0.0121085 0.0193702 0.275461 4.12597e-06 2.87883e-07 -1.17393e-30 2.55833e-31 8.53904e-32 -2.17004e-32 -2.21262e-30 -1.07925e-30 4.67425e-28 5.83166e-28 8.43872e-32 2.71307e-30 -3.88891e-32 -1.644e-33 -2.55981e-33 2.5244e-46 8.04777e-45 1.02437e-46 1.33467e-46 -5.42928e-47 -1.28364e-48 1.04894e-45 5.2467e-45 5.56448e-45 2.99889e-07 3.83591e-08 8.23004e-09 7.85847e-09 2.01874e-08 0.000534224 9.27477e-08 2.443e-07 3.65212e-08 2.31524e-32 3.09777e-30 5.01988e-37 2.74832e-35 4.70633e-33 9.03136e-31 6.29951e-31 2.32329e-31 0.646097 0 8.47719e-65 3.48546e-66 2.98108e-48 1.05502e-46 
0.0007 2652.31 0.109959 101325 0.0331534 0.00953779 0.00356837 0.0120658 0.0193305 0.275628 4.12186e-06 2.88633e-07 -2.29077e-29 2.32516e-30 5.46763e-30 4.31336e-31 9.81026e-30 9.68408e-30 3.66256e-28 5.83607e-28 1.7036e-29 8.18219e-29 2.72926e-31 1.31855e-32 5.53222e-32 -3.4164e-45 -1.12185e-43 6.27677e-49 -1.23238e-45 -5.0636e-46 -1.80988e-47 -4.6447e-44 -1.927e-44 1.2613e-43 3.02613e-07 3.8888e-08 8.40256e-09 8.05368e-09 2.00725e-08 0.000550206 9.57986e-08 2.45853e-07 3.75851e-08 -4.13209e-31 -7.52063e-30 -3.3976e-36 3.78747e-34 1.9128e-32 2.08924e-29 -1.11023e-29 -1.54223e-30 0.646161 0 1.49322e-63 7.73354e-65 -5.28891e-48 -1.3669e-46 
0.00071 2653.5 0.109921 101325 0.0330801 0.00948221 0.00354797 0.0120266 0.0192939 0.27578 4.11798e-06 2.89311e-07 6.96901e-32 5.64276e-32 4.36456e-32 1.48089e-32 1.09035e-30 6.10233e-31 4.5863e-28 5.9212e-28 4.21143e-31 -2.53069e-31 2.1775e-32 9.36103e-34 2.11349e-33 6.1281e-47 4.01261e-45 -2.67535e-47 -4.33141e-47 1.32458e-47 1.83121e-49 -9.5448e-46 -1.08752e-45 -2.00629e-45 3.05275e-07 3.94035e-08 8.56974e-09 8.24241e-09 1.99684e-08 0.000566173 9.88344e-08 2.4727e-07 3.86438e-08 2.22021e-32 9.29157e-31 2.85705e-36 6.10435e-36 -1.64445e-32 -4.68552e-32 6.05301e-31 -8.81505e-33 0.646218 0 -4.88031e-65 -1.96341e-66 -4.1776e-49 1.76844e-48 
0.00072 2654.57 0.109887 101325 0.0330138 0.00943189 0.00352941 0.0119906 0.0192604 0.275918 4.11431e-06 2.89923e-07 -2.4749e-31 3.43337e-32 1.26353e-31 1.71228e-32 1.04794e-30 5.84989e-31 4.76308e-28 5.77985e-28 4.61906e-31 1.87885e-30 2.02053e-32 9.63779e-34 2.93805e-33 -1.0221e-46 -3.26301e-45 -2.40877e-47 -7.53315e-47 -9.31248e-49 -1.99094e-49 -2.47948e-45 -1.27469e-45 4.12305e-45 3.07882e-07 3.99065e-08 8.73187e-09 8.42496e-09 1.9874e-08 0.000582122 1.01855e-07 2.48562e-07 3.96976e-08 -5.24516e-32 -3.53518e-30 -3.2954e-36 5.83507e-36 9.97991e-32 8.81984e-31 -9.82885e-31 -2.23119e-31 0.646269 0 5.69664e-65 3.37249e-66 -2.09714e-49 1.12112e-47 
0.00073 2655.54 0.109856 101325 0.0329538 0.00938632 0.0035125 0.0119574 0.0192295 0.276043 4.11083e-06 2.90474e-07 -3.51221e-32 -1.8607e-33 1.71246e-32 1.47202e-33 1.28022e-31 7.73284e-32 4.65329e-28 5.88388e-28 2.02534e-33 3.98818e-31 1.6453e-33 1.04464e-34 4.57395e-34 -2.79996e-47 -1.35349e-45 -3.84425e-49 -9.77446e-48 -1.21024e-48 -3.65736e-50 -5.35675e-46 -1.54307e-46 1.38744e-45 3.10438e-07 4.03979e-08 8.88927e-09 8.60165e-09 1.97884e-08 0.000598053 1.04861e-07 2.49739e-07 4.07464e-08 1.11262e-34 5.63264e-32 2.31881e-36 1.45285e-37 -1.21025e-32 2.72576e-31 -1.21301e-31 -6.39188e-33 0.646314 0 1.90946e-65 1.14081e-66 2.56461e-50 9.74882e-49 
0.00074 2656.41 0.109828 101325 0.0328996 0.00934504 0.00349709 0.0119268 0.0192011 0.276156 4.10751e-06 2.90969e-07 -4.9535e-33 -6.43402e-33 -1.73576e-32 -2.57825e-33 -1.29404e-31 -6.81945e-32 4.6619e-28 5.88911e-28 -2.13007e-32 -4.72187e-32 -2.6408e-33 -1.17298e-34 -3.13896e-34 9.81027e-49 -4.09527e-48 1.48108e-48 2.30202e-48 5.59821e-50 4.2825e-51 1.78573e-46 1.13746e-46 -2.30719e-46 3.12949e-07 4.08785e-08 9.04221e-09 8.77279e-09 1.97108e-08 0.000613964 1.07852e-07 2.50812e-07 4.17903e-08 -2.07427e-33 -1.28108e-31 -1.0617e-36 -6.92922e-37 3.57688e-33 -8.14387e-32 -1.4176e-32 -1.57482e-33 0.646355 0 -1.29366e-66 -6.91616e-68 2.16701e-50 -9.90462e-49 
0.00075 2657.21 0.109803 101325 0.0328507 0.00930763 0.00348304 0.0118986 0.019175 0.276259 4.10436e-06 2.91412e-07 3.11722e-33 3.34345e-34 -2.12708e-33 -1.15116e-34 -1.74468e-32 -1.15504e-32 4.64628e-28 5.9003e-28 -1.01709e-33 -5.43974e-32 -1.65461e-34 -1.34579e-35 -6.4843e-35 7.3166e-48 3.28085e-46 1.74049e-49 1.45133e-48 1.88224e-49 6.31134e-51 1.43895e-46 4.31926e-47 -3.23467e-46 3.15417e-07 4.13492e-08 9.19099e-09 8.93871e-09 1.96403e-08 0.000629856 1.10829e-07 2.51789e-07 4.28295e-08 1.0949e-33 7.42318e-32 -1.93723e-37 8.89807e-39 -8.64607e-34 -7.34031e-32 6.58351e-32 6.78859e-33 0.646391 0 -3.4965e-66 -2.1501e-67 -4.11047e-52 -1.64089e-49 
0.00076 2657.92 0.10978 101325 0.0328066 0.00927372 0.00347021 0.0118726 0.019151 0.276352 4.10134e-06 2.91809e-07 1.08022e-33 1.18225e-33 4.02812e-33 4.80034e-34 2.63598e-32 1.35185e-32 4.64186e-28 5.90518e-28 2.66948e-33 -1.71244e-32 4.88422e-34 2.31629e-35 6.05527e-35 3.12213e-48 1.63295e-46 -1.57722e-49 2.45146e-50 4.58067e-50 -1.99305e-52 8.00718e-48 -6.52858e-48 -9.1162e-47 3.17848e-07 4.18107e-08 9.33588e-09 9.0997e-09 1.95764e-08 0.000645726 1.13791e-07 2.52677e-07 4.3864e-08 -1.23164e-34 -8.94329e-33 1.13047e-37 1.30416e-37 6.87696e-35 -8.47335e-33 -5.48705e-33 -1.85556e-33 0.646423 0 -1.45279e-66 -9.42481e-68 -2.73291e-51 1.26888e-49 
0.00077 2658.57 0.10976 101325 0.0327668 0.00924298 0.0034585 0.0118485 0.0191288 0.276436 4.09845e-06 2.92163e-07 -4.19551e-34 -1.49701e-34 2.13478e-34 -1.62042e-35 1.24103e-33 1.13941e-33 4.63809e-28 5.9095e-28 7.49828e-34 4.40386e-33 -1.24992e-35 6.20742e-37 6.26196e-36 -1.70669e-48 -7.20782e-47 -4.17666e-50 -2.32707e-49 -2.65419e-50 -9.58275e-52 -3.77928e-47 -1.27621e-47 7.03436e-47 3.20244e-07 4.22636e-08 9.47715e-09 9.25608e-09 1.95183e-08 0.000661575 1.1674e-07 2.53486e-07 4.48941e-08 -2.31169e-35 -4.11526e-33 8.29099e-38 -1.22619e-38 5.81513e-36 1.99313e-32 -9.32253e-33 -8.49506e-34 0.646451 0 5.4173e-67 3.2623e-68 -1.41477e-52 4.64086e-50 
0.00078 2659.15 0.109741 101325 0.032731 0.00921509 0.00344778 0.0118262 0.0191083 0.276513 4.09568e-06 2.92477e-07 -7.26982e-34 -6.74281e-34 -2.75669e-33 -2.93022e-34 -1.6032e-32 -7.71535e-33 4.63485e-28 5.91344e-28 -3.54664e-35 2.92139e-32 -2.88367e-34 -1.38321e-35 -3.43201e-35 -4.60773e-48 -2.30186e-46 3.38421e-50 -3.76832e-49 -7.09908e-50 -7.07465e-52 -3.95623e-47 -1.0818e-47 1.71366e-46 3.22609e-07 4.27087e-08 9.61503e-09 9.40815e-09 1.94656e-08 0.000677402 1.19675e-07 2.54221e-07 4.59199e-08 -2.06351e-34 -1.5516e-32 -1.33441e-37 -7.92993e-38 5.57978e-34 2.54824e-32 -1.35973e-32 -3.88728e-34 0.646476 0 2.28793e-66 1.46167e-67 1.79931e-51 -3.50203e-50 
0.00079 2659.67 0.109725 101325 0.0326988 0.0091898 0.00343797 0.0118054 0.0190894 0.276582 4.09302e-06 2.92756e-07 -5.08276e-34 -3.44213e-34 -8.50086e-34 -1.32757e-34 -6.10171e-33 -2.79517e-33 4.63194e-28 5.91676e-28 5.58881e-34 3.28313e-33 -1.36117e-34 -5.56004e-36 -1.32725e-35 -1.59524e-48 -6.28774e-47 -3.47104e-50 -1.63454e-49 -1.54591e-50 -4.83073e-52 -2.43639e-47 -8.40123e-48 4.3045e-47 3.24944e-07 4.31464e-08 9.74977e-09 9.55618e-09 1.94177e-08 0.000693206 1.22597e-07 2.5489e-07 4.69415e-08 -9.14143e-36 -9.79307e-34 5.79637e-39 -4.24035e-38 2.76224e-35 1.06815e-32 1.46577e-33 -3.63931e-35 0.646498 0 4.34577e-67 2.61405e-68 -5.56127e-52 -1.88814e-51 
0.0008 2660.15 0.10971 101325 0.0326698 0.00916684 0.00342899 0.0117862 0.0190719 0.276645 4.09046e-06 2.93002e-07 1.43604e-34 6.12379e-35 1.22286e-34 2.30695e-35 9.63571e-34 3.83535e-34 4.62975e-28 5.91939e-28 6.30961e-34 4.3614e-34 2.56725e-35 9.14078e-37 2.04673e-36 3.2478e-49 1.24929e-47 1.35402e-50 3.91608e-50 2.5305e-51 1.37348e-52 7.55989e-48 3.27746e-48 -9.18521e-48 3.27253e-07 4.35774e-08 9.88159e-09 9.70044e-09 1.93742e-08 0.000708987 1.25506e-07 2.55498e-07 4.7959e-08 4.81926e-35 3.48809e-33 -1.01144e-39 8.3707e-39 9.043e-35 -3.47552e-33 1.46769e-33 3.07577e-34 0.646517 0 -4.23947e-68 -2.60544e-69 2.00967e-52 -5.58527e-51 
0.00081 2660.57 0.109696 101325 0.0326438 0.009146 0.00342074 0.0117683 0.0190557 0.276701 4.08799e-06 2.93218e-07 -8.92545e-35 -2.04747e-34 -9.05003e-34 -1.02698e-34 -6.37058e-33 -3.25782e-33 4.62794e-28 5.9218e-28 3.34083e-34 -6.92884e-34 -1.10651e-34 -5.41359e-36 -1.65101e-35 -8.11029e-49 -3.67386e-47 -3.82134e-51 -2.70342e-50 2.39834e-51 2.36724e-52 -1.15244e-47 -3.63068e-48 1.85019e-47 3.29538e-07 4.40021e-08 1.00107e-08 9.8412e-09 1.93346e-08 0.000724745 1.28403e-07 2.5605e-07 4.89726e-08 -7.88024e-35 -5.92545e-33 -7.04921e-38 -2.75916e-38 -9.88615e-35 5.13749e-33 -3.06152e-33 -3.86359e-34 0.646534 0 1.47099e-67 9.00216e-69 -4.25062e-53 -1.38114e-50 
0.00082 2660.96 0.109684 101325 0.0326205 0.00912708 0.00341317 0.0117516 0.0190407 0.276753 4.08559e-06 2.93407e-07 1.12738e-35 1.40857e-34 9.18386e-34 9.98254e-35 6.45049e-33 3.35032e-33 4.62563e-28 5.92415e-28 6.12727e-34 8.77298e-34 1.04853e-34 5.32812e-36 1.75571e-35 8.05065e-49 3.7446e-47 -1.6285e-51 1.53896e-50 -6.62994e-51 -3.24003e-52 1.13745e-47 3.84972e-48 -1.92964e-47 3.318e-07 4.44211e-08 1.01373e-08 9.9787e-09 1.92986e-08 0.000740479 1.31287e-07 2.56552e-07 4.99824e-08 5.58327e-35 4.87871e-33 6.7466e-38 2.45327e-38 3.18478e-35 -5.48553e-33 4.09781e-33 4.22238e-34 0.646548 0 -1.42085e-67 -9.02764e-69 -2.14339e-52 1.01113e-50 
0.00083 2661.3 0.109673 101325 0.0325997 0.00910988 0.00340621 0.011736 0.0190268 0.276799 4.08328e-06 2.93572e-07 9.64925e-35 -1.35129e-34 -1.13271e-33 -1.11315e-34 -7.7644e-33 -4.10533e-33 4.62423e-28 5.92619e-28 3.96928e-34 -7.53063e-35 -1.17926e-34 -6.28503e-36 -2.15156e-35 -8.75688e-49 -4.23463e-47 4.30877e-51 -1.49021e-51 9.32428e-51 4.81785e-52 -8.01485e-48 -2.78127e-48 2.0911e-47 3.34041e-07 4.48347e-08 1.02615e-08 1.01132e-08 1.92659e-08 0.000756188 1.3416e-07 2.57008e-07 5.09886e-08 -1.35047e-35 -2.0571e-33 -9.07264e-38 -2.58389e-38 6.91508e-35 3.90751e-33 -3.60601e-33 -2.07995e-34 0.646561 0 2.11094e-67 1.34044e-68 2.19346e-52 -2.40061e-50 
0.00084 2661.61 0.109664 101325 0.032581 0.00909426 0.0033998 0.0117213 0.0190138 0.276841 4.08103e-06 2.93713e-07 -6.43635e-35 9.08654e-35 1.07485e-33 1.07601e-34 7.62836e-33 4.08282e-33 4.62238e-28 5.92805e-28 5.54216e-34 5.92422e-34 1.14518e-34 6.12627e-36 2.18142e-35 9.13154e-49 4.43244e-47 -7.68904e-51 -1.46115e-50 -1.37366e-50 -5.62143e-52 9.77274e-48 3.7005e-48 -2.38705e-47 3.36264e-07 4.52433e-08 1.03836e-08 1.02448e-08 1.92361e-08 0.000771873 1.37021e-07 2.57423e-07 5.19912e-08 -3.33537e-36 1.35997e-33 9.33609e-38 2.38475e-38 4.35695e-35 -5.79146e-33 4.24736e-33 2.44845e-34 0.646571 0 -1.85652e-67 -1.21696e-68 -2.02159e-52 1.6765e-50 
0.00085 2661.89 0.109655 101325 0.0325644 0.00908006 0.00339389 0.0117076 0.0190017 0.27688 4.07885e-06 2.93835e-07 8.84105e-35 -2.84419e-35 -6.90367e-34 -6.37615e-35 -4.85113e-33 -2.61882e-33 4.62116e-28 5.92975e-28 4.8482e-34 -1.46338e-34 -6.80233e-35 -3.81312e-36 -1.42609e-35 -6.22713e-49 -3.11383e-47 5.52218e-51 1.00128e-50 1.04541e-50 4.24684e-52 -6.56903e-48 -2.03847e-48 1.8231e-47 3.38468e-07 4.56473e-08 1.05037e-08 1.03739e-08 1.92089e-08 0.000787534 1.39871e-07 2.57799e-07 5.29904e-08 1.38152e-35 -2.88909e-34 -6.56063e-38 -1.29687e-38 5.23813e-35 4.29393e-33 -2.49526e-33 -9.76066e-35 0.64658 0 1.42441e-67 9.34057e-69 1.6375e-52 -1.27689e-50 
0.00086 2662.14 0.109647 101325 0.0325496 0.00906715 0.00338843 0.0116947 0.0189904 0.276914 4.07672e-06 2.93938e-07 6.33943e-36 2.51319e-35 9.90884e-35 1.39725e-35 7.74857e-34 4.1733e-34 4.61981e-28 5.93126e-28 4.97819e-34 1.23294e-34 1.4085e-35 6.77171e-37 2.04615e-36 8.50853e-50 3.2192e-48 -7.9338e-52 -2.84785e-51 -8.02621e-52 -3.1204e-53 8.47354e-49 2.16065e-49 -1.60589e-48 3.40655e-07 4.60471e-08 1.06219e-08 1.05005e-08 1.91842e-08 0.00080317 1.42711e-07 2.58142e-07 5.39863e-08 -6.48746e-37 -4.1515e-35 4.36159e-39 3.34976e-39 -1.49336e-35 -4.74144e-34 1.53893e-34 1.45065e-35 0.646587 0 -1.06813e-68 -6.55766e-70 1.72512e-53 2.24196e-51 
0.00087 2662.37 0.10964 101325 0.0325364 0.0090554 0.00338338 0.0116826 0.0189798 0.276945 4.07465e-06 2.94024e-07 2.85386e-35 2.56122e-35 -4.06896e-34 -3.96644e-35 -3.06629e-33 -1.70864e-33 4.61874e-28 5.93261e-28 4.76236e-34 4.27662e-34 -4.1514e-35 -2.33642e-36 -9.65718e-36 -5.59466e-49 -2.71612e-47 6.1863e-51 2.1277e-50 1.08022e-50 3.20237e-52 -4.28163e-48 -1.9588e-48 1.96252e-47 3.42828e-07 4.64429e-08 1.07384e-08 1.06249e-08 1.91617e-08 0.00081878 1.45539e-07 2.58453e-07 5.49791e-08 4.33858e-37 -1.13045e-33 -4.14943e-38 -7.07628e-39 -1.22204e-35 4.26884e-33 -2.35109e-33 -9.81291e-35 0.646593 0 1.43142e-67 9.63244e-69 5.44769e-53 -1.27123e-50 
0.00088 2662.57 0.109634 101325 0.0325248 0.0090447 0.00337871 0.0116711 0.0189699 0.276973 4.07262e-06 2.94095e-07 -3.13352e-35 -1.31514e-35 3.2676e-34 2.73721e-35 2.47053e-33 1.39746e-33 4.61765e-28 5.93381e-28 4.53279e-34 -1.9929e-34 3.11291e-35 1.86142e-36 7.80216e-36 4.14089e-49 2.14796e-47 -4.61673e-51 -2.0587e-50 -8.81432e-51 -2.94672e-52 3.21184e-48 1.49177e-48 -1.5488e-47 3.44985e-07 4.68349e-08 1.08533e-08 1.07472e-08 1.91411e-08 0.000834365 1.48358e-07 2.58736e-07 5.59687e-08 1.65792e-35 1.81463e-33 4.97722e-38 4.73051e-39 2.91976e-35 -3.57143e-33 2.37643e-33 1.52761e-34 0.646598 0 -1.01574e-67 -6.90831e-69 -7.25593e-53 9.91156e-51 
0.00089 2662.75 0.109628 101325 0.0325145 0.00903496 0.00337437 0.0116602 0.0189606 0.276999 4.07064e-06 2.94152e-07 3.73013e-35 7.62856e-36 -1.82909e-34 -1.2905e-35 -1.38728e-33 -7.99774e-34 4.61685e-28 5.93488e-28 5.13921e-34 9.80787e-35 -1.57241e-35 -1.02882e-36 -4.45692e-36 -2.30437e-49 -1.22428e-47 2.51387e-51 1.33516e-50 5.23022e-51 1.90789e-52 -1.89956e-48 -7.60283e-49 9.01878e-48 3.47129e-07 4.72236e-08 1.09668e-08 1.08675e-08 1.91223e-08 0.000849925 1.51166e-07 2.58993e-07 5.69553e-08 -1.73558e-35 -1.47063e-33 -3.58474e-38 -1.74896e-39 1.30731e-35 2.20846e-33 -1.45058e-33 -1.12046e-34 0.646601 0 5.43495e-68 3.6793e-69 5.49142e-53 -5.49695e-51 
0.0009 2662.91 0.109624 101325 0.0325055 0.00902608 0.00337033 0.0116499 0.0189518 0.277022 4.06869e-06 2.94196e-07 -2.16971e-35 -6.22865e-35 -1.39444e-35 -9.04944e-36 9.96757e-36 7.12e-35 4.61603e-28 5.93584e-28 4.0617e-34 -6.5079e-34 -7.73205e-36 -1.53157e-37 1.02214e-36 2.27053e-49 1.27074e-47 -2.13104e-51 -1.23379e-50 -5.59383e-51 -1.50862e-52 1.10683e-48 6.68027e-49 -1.23043e-47 3.4926e-07 4.7609e-08 1.10788e-08 1.09861e-08 1.91052e-08 0.000865459 1.53965e-07 2.59227e-07 5.79391e-08 4.4035e-36 1.02503e-33 1.39964e-38 -3.83565e-39 -3.99244e-35 -2.57115e-33 1.34346e-33 4.55749e-35 0.646604 0 -7.81226e-68 -5.39924e-69 -4.58721e-53 4.95273e-51 
0.00091 2663.05 0.109619 101325 0.0324975 0.00901799 0.00336657 0.0116401 0.0189435 0.277043 4.06679e-06 2.94229e-07 5.48733e-35 4.04139e-35 -1.06244e-35 8.7955e-36 -7.26295e-35 -9.22249e-35 4.61533e-28 5.93668e-28 5.49733e-34 2.68948e-34 7.10433e-36 9.35371e-38 -9.01175e-37 -1.0513e-49 -6.73139e-48 6.85221e-52 7.79342e-51 3.48922e-51 1.20941e-52 -6.6993e-49 -2.41688e-49 6.28593e-48 3.51379e-07 4.79914e-08 1.11896e-08 1.11031e-08 1.90895e-08 0.000880967 1.56755e-07 2.5944e-07 5.892e-08 -5.49203e-36 -6.26685e-34 -2.06188e-38 3.46821e-39 3.5334e-35 1.51316e-33 -7.53528e-34 -3.56062e-35 0.646605 0 3.32384e-68 2.30334e-69 5.83048e-53 -1.98168e-51 
0.00092 2663.18 0.109615 101325 0.0324906 0.00901061 0.00336306 0.0116308 0.0189357 0.277061 4.06492e-06 2.94252e-07 -5.53704e-35 -5.41819e-35 -5.36428e-35 -1.62574e-35 -4.11976e-34 -1.73698e-34 4.61474e-28 5.93742e-28 3.89585e-34 -3.50379e-34 -1.50985e-35 -5.00104e-37 -4.03694e-37 4.4388e-50 4.17633e-48 -2.72978e-51 -1.40525e-50 -9.51201e-51 -5.01401e-52 1.25608e-49 6.98151e-51 -5.26321e-48 3.53487e-07 4.83711e-08 1.12992e-08 1.12185e-08 1.90751e-08 0.000896449 1.59535e-07 2.59635e-07 5.98982e-08 1.85999e-36 4.03784e-34 1.46148e-38 -5.28269e-39 -1.00012e-35 -1.17781e-33 6.28145e-34 1.48679e-35 0.646606 0 -2.47589e-68 -1.91179e-69 -1.56978e-52 -4.61745e-51 
0.00093 2663.29 0.109612 101325 0.0324846 0.00900387 0.00335978 0.0116219 0.0189283 0.277078 4.06308e-06 2.94265e-07 1.20429e-35 8.98419e-36 2.46346e-35 3.45475e-36 1.73394e-34 8.14954e-35 4.61419e-28 5.93808e-28 4.90769e-34 8.43324e-35 3.85499e-36 1.56733e-37 3.81666e-37 -7.6047e-51 -3.164e-49 8.36684e-52 4.13863e-51 4.69342e-51 2.85767e-52 -5.39557e-50 2.41086e-50 6.1367e-49 3.55584e-07 4.8748e-08 1.14077e-08 1.13325e-08 1.9062e-08 0.000911905 1.62306e-07 2.59812e-07 6.08737e-08 -7.89521e-38 -2.23993e-35 6.37019e-41 1.17867e-39 -6.27741e-36 1.63377e-34 -7.41085e-35 -3.87064e-36 0.646606 0 -8.7877e-70 1.16253e-70 1.80302e-53 1.00497e-52 
0.00094 2663.39 0.109609 101325 0.0324795 0.00899771 0.00335671 0.0116134 0.0189213 0.277093 4.06127e-06 2.9427e-07 -1.58539e-35 -1.31046e-35 -3.49314e-35 -5.12612e-36 -2.51159e-34 -1.21739e-34 4.61374e-28 5.93865e-28 4.51255e-34 -9.80199e-35 -5.57844e-36 -2.29449e-37 -5.58947e-37 4.00033e-51 2.20721e-49 -1.25482e-51 -6.41384e-51 -7.5181e-51 -4.54065e-52 1.44803e-50 -4.58344e-50 -6.93881e-49 3.5767e-07 4.91226e-08 1.15151e-08 1.14452e-08 1.90499e-08 0.000927335 1.65069e-07 2.59973e-07 6.18466e-08 1.10007e-36 1.01932e-34 4.89202e-40 -1.67661e-39 1.12593e-35 -1.69889e-34 1.65688e-34 1.12932e-35 0.646605 0 8.95703e-69 6.05739e-71 -3.48986e-53 -9.44111e-52 
0.00095 2663.48 0.109607 101325 0.0324751 0.00899208 0.00335382 0.0116052 0.0189146 0.277107 4.05948e-06 2.94267e-07 3.18621e-36 2.94054e-36 8.9704e-36 1.29973e-36 6.69755e-35 3.38585e-35 4.61334e-28 5.93915e-28 4.78111e-34 2.64882e-35 1.366e-36 5.96998e-38 1.61819e-37 -2.65674e-51 -9.53248e-50 -1.39304e-52 -4.82686e-53 4.21356e-52 2.4976e-53 -1.95542e-50 -2.66482e-52 2.37751e-50 3.59746e-07 4.94948e-08 1.16217e-08 1.15566e-08 1.90389e-08 0.000942738 1.67823e-07 2.60121e-07 6.2817e-08 -2.99605e-37 -2.2943e-35 9.85161e-41 3.82053e-40 -4.21396e-36 6.8805e-36 -2.33471e-35 -1.14138e-36 0.646604 0 -1.11606e-69 -1.76544e-72 -1.12658e-53 -8.12677e-52 
0.00096 2663.56 0.109604 101325 0.0324714 0.00898693 0.0033511 0.0115973 0.0189082 0.27712 4.05772e-06 2.94257e-07 -3.42446e-36 -3.40557e-36 -1.13195e-35 -1.5652e-36 -8.44604e-35 -4.26496e-35 4.61301e-28 5.93959e-28 4.68015e-34 -2.1038e-35 -1.64905e-36 -7.25949e-38 -2.03524e-37 8.57078e-51 3.33545e-49 5.94901e-52 1.34858e-51 2.11023e-52 1.86584e-53 5.86423e-50 1.51595e-50 -7.12777e-50 3.61813e-07 4.98648e-08 1.17273e-08 1.1667e-08 1.90287e-08 0.000958115 1.70568e-07 2.60255e-07 6.3785e-08 1.90508e-37 1.84364e-35 -7.51111e-40 -4.50957e-40 -3.36289e-37 -2.14207e-35 4.75721e-35 4.05168e-36 0.646602 0 9.03523e-69 1.62161e-70 3.23937e-53 2.2087e-51 
0.00097 2663.63 0.109603 101325 0.0324683 0.00898221 0.00334853 0.0115897 0.0189021 0.277131 4.05598e-06 2.94241e-07 5.45683e-37 8.21579e-37 3.20983e-36 4.19072e-37 2.44919e-35 1.27547e-35 4.61272e-28 5.93996e-28 4.74316e-34 1.31896e-35 4.39679e-37 1.99368e-38 6.00398e-38 -5.30233e-51 -2.04201e-49 -5.32605e-52 -1.411e-51 -5.75227e-52 -3.78339e-53 -3.39436e-50 -1.3698e-50 8.9908e-51 3.63871e-07 5.02328e-08 1.18321e-08 1.17763e-08 1.90194e-08 0.000973465 1.73306e-07 2.60379e-07 6.47505e-08 2.13465e-37 9.7931e-36 5.07235e-40 1.11832e-40 3.11635e-36 3.73895e-36 1.77523e-35 2.75691e-36 0.6466 0 -3.65475e-69 -9.02592e-71 -2.35828e-53 -1.39699e-51 
0.00098 2663.69 0.109601 101325 0.0324658 0.00897789 0.00334611 0.0115824 0.0188962 0.277141 4.05426e-06 2.94219e-07 -3.75921e-37 -6.01679e-37 -2.56915e-36 -3.25055e-37 -1.98216e-35 -1.02931e-35 4.61248e-28 5.94027e-28 4.72125e-34 4.42951e-37 -3.40103e-37 -1.56097e-38 -4.92127e-38 4.54019e-51 1.82962e-49 4.01268e-52 1.18545e-51 5.53966e-52 3.47353e-53 3.05851e-50 1.20886e-50 -6.05801e-51 3.6592e-07 5.05988e-08 1.19361e-08 1.18846e-08 1.90108e-08 0.000988788 1.76035e-07 2.60492e-07 6.57137e-08 -4.58957e-38 -1.32661e-36 -5.024e-40 -8.42185e-41 -2.40151e-36 -3.54944e-36 1.03838e-35 1.34749e-36 0.646597 0 1.89984e-69 6.00559e-71 1.72652e-53 1.16272e-51 
0.00099 2663.74 0.1096 101325 0.0324638 0.00897392 0.00334381 0.0115753 0.0188906 0.27715 4.05256e-06 2.94192e-07 -1.0285e-37 5.79029e-38 5.8398e-37 5.90416e-38 4.77265e-36 2.62794e-36 4.61228e-28 5.94054e-28 4.7288e-34 7.32964e-36 6.19656e-38 3.09661e-39 1.20576e-38 -2.31868e-51 -9.38658e-50 -2.76249e-52 -8.13141e-52 -3.59101e-52 -2.24902e-53 -1.41409e-50 -4.92022e-51 2.46378e-51 3.67961e-07 5.0963e-08 1.20395e-08 1.1992e-08 1.90029e-08 0.00100408 1.78756e-07 2.60595e-07 6.66745e-08 1.2567e-37 5.61435e-36 2.75066e-40 1.09019e-41 4.49454e-37 1.43832e-36 2.21581e-35 2.6956e-36 0.646594 0 -7.99385e-70 -2.13735e-71 -9.73271e-54 -5.92976e-52 
0.001 2663.78 0.109599 101325 0.0324622 0.00897028 0.00334162 0.0115684 0.0188852 0.277158 4.05088e-06 2.9416e-07 -2.91896e-39 -6.05162e-38 -3.06737e-37 -4.00105e-38 -2.61921e-36 -1.43411e-36 4.61213e-28 5.94077e-28 4.726e-34 5.451e-36 -4.04737e-38 -1.91833e-39 -6.48033e-39 1.27428e-51 5.4815e-50 1.34453e-52 4.41088e-52 1.29242e-52 6.89182e-54 8.01833e-51 2.92711e-51 4.04186e-52 3.69994e-07 5.13254e-08 1.21421e-08 1.20985e-08 1.89955e-08 0.00101935 1.8147e-07 2.60691e-07 6.76331e-08 1.14523e-37 6.95164e-36 -6.25456e-41 -8.7982e-42 5.46497e-37 -3.83774e-37 1.50347e-35 2.07239e-36 0.64659 0 -8.55403e-70 -1.59704e-71 3.96881e-54 2.97066e-52 
